,ts_code,symbol,name,area,industry,market,list_date
0,000001.SZ,000001,平安银行,深圳,银行,主板,19910403
1,000002.SZ,000002,万科A,深圳,全国地产,主板,19910129
2,000004.SZ,000004,国华网安,深圳,互联网,主板,19910114
3,000005.SZ,000005,世纪星源,深圳,环境保护,主板,19901210
4,000006.SZ,000006,深振业A,深圳,区域地产,主板,19920427
5,000007.SZ,000007,全新好,深圳,酒店餐饮,主板,19920413
6,000008.SZ,000008,神州高铁,北京,运输设备,主板,19920507
7,000009.SZ,000009,中国宝安,深圳,综合类,主板,19910625
8,000010.SZ,000010,美丽生态,深圳,建筑工程,主板,19951027
9,000011.SZ,000011,深物业A,深圳,区域地产,主板,19920330
10,000012.SZ,000012,南玻A,深圳,玻璃,主板,19920228
11,000014.SZ,000014,沙河股份,深圳,全国地产,主板,19920602
12,000016.SZ,000016,深康佳A,深圳,家用电器,主板,19920327
13,000017.SZ,000017,*ST中华A,深圳,文教休闲,主板,19920331
14,000019.SZ,000019,深粮控股,深圳,其他商业,主板,19921012
15,000020.SZ,000020,深华发A,深圳,元器件,主板,19920428
16,000021.SZ,000021,深科技,深圳,IT设备,主板,19940202
17,000023.SZ,000023,深天地A,深圳,其他建材,主板,19930429
18,000025.SZ,000025,特力A,深圳,汽车服务,主板,19930621
19,000026.SZ,000026,飞亚达,深圳,其他商业,主板,19930603
20,000027.SZ,000027,深圳能源,深圳,火力发电,主板,19930903
21,000028.SZ,000028,国药一致,深圳,医药商业,主板,19930809
22,000029.SZ,000029,深深房A,深圳,区域地产,主板,19930915
23,000030.SZ,000030,富奥股份,吉林,汽车配件,主板,19930929
24,000031.SZ,000031,大悦城,深圳,全国地产,主板,19931008
25,000032.SZ,000032,深桑达A,深圳,元器件,主板,19931028
26,000034.SZ,000034,神州数码,深圳,综合类,主板,19940509
27,000035.SZ,000035,中国天楹,江苏,环境保护,主板,19940408
28,000036.SZ,000036,华联控股,深圳,全国地产,主板,19940617
29,000037.SZ,000037,深南电A,深圳,火力发电,主板,19940701
30,000038.SZ,000038,深大通,深圳,广告包装,主板,19940808
31,000039.SZ,000039,中集集团,深圳,轻工机械,主板,19940408
32,000040.SZ,000040,东旭蓝天,深圳,新型电力,主板,19940808
33,000042.SZ,000042,中洲控股,深圳,全国地产,主板,19940921
34,000045.SZ,000045,深纺织A,深圳,元器件,主板,19940815
35,000046.SZ,000046,泛海控股,北京,多元金融,主板,19940912
36,000048.SZ,000048,京基智农,深圳,饲料,主板,19941101
37,000049.SZ,000049,德赛电池,深圳,电气设备,主板,19950320
38,000050.SZ,000050,深天马A,深圳,元器件,主板,19950315
39,000055.SZ,000055,方大集团,深圳,其他建材,主板,19960415
40,000056.SZ,000056,皇庭国际,深圳,房产服务,主板,19960708
41,000058.SZ,000058,深赛格,深圳,元器件,主板,19961226
42,000059.SZ,000059,华锦股份,辽宁,石油加工,主板,19970130
43,000060.SZ,000060,中金岭南,深圳,铅锌,主板,19970123
44,000061.SZ,000061,农产品,深圳,农业综合,主板,19970110
45,000062.SZ,000062,深圳华强,深圳,批发业,主板,19970130
46,000063.SZ,000063,中兴通讯,深圳,通信设备,主板,19971118
47,000065.SZ,000065,北方国际,北京,建筑工程,主板,19980605
48,000066.SZ,000066,中国长城,深圳,IT设备,主板,19970626
49,000068.SZ,000068,华控赛格,深圳,环境保护,主板,19970611
50,000069.SZ,000069,华侨城A,深圳,旅游景点,主板,19970910
51,000070.SZ,000070,特发信息,深圳,通信设备,主板,20000511
52,000078.SZ,000078,海王生物,深圳,医药商业,主板,19981218
53,000088.SZ,000088,盐田港,深圳,港口,主板,19970728
54,000089.SZ,000089,深圳机场,深圳,机场,主板,19980420
55,000090.SZ,000090,天健集团,深圳,建筑工程,主板,19990721
56,000096.SZ,000096,广聚能源,深圳,石油贸易,主板,20000724
57,000099.SZ,000099,中信海直,深圳,空运,主板,20000731
58,000100.SZ,000100,TCL科技,广东,元器件,主板,20040130
59,000150.SZ,000150,宜华健康,广东,医疗保健,主板,20000807
60,000151.SZ,000151,中成股份,北京,商贸代理,主板,20000906
61,000153.SZ,000153,丰原药业,安徽,化学制药,主板,20000920
62,000155.SZ,000155,川能动力,四川,新型电力,主板,20000926
63,000156.SZ,000156,华数传媒,浙江,影视音像,主板,20000906
64,000157.SZ,000157,中联重科,湖南,工程机械,主板,20001012
65,000158.SZ,000158,常山北明,河北,纺织,主板,20000724
66,000159.SZ,000159,国际实业,新疆,石油贸易,主板,20000926
67,000166.SZ,000166,申万宏源,新疆,证券,主板,20150126
68,000301.SZ,000301,东方盛虹,江苏,化纤,主板,20000529
69,000333.SZ,000333,美的集团,广东,家用电器,主板,20130918
70,000338.SZ,000338,潍柴动力,山东,汽车配件,主板,20070430
71,000400.SZ,000400,许继电气,河南,电气设备,主板,19970418
72,000401.SZ,000401,冀东水泥,河北,水泥,主板,19960614
73,000402.SZ,000402,金融街,北京,全国地产,主板,19960626
74,000403.SZ,000403,双林生物,山西,生物制药,主板,19960628
75,000404.SZ,000404,长虹华意,江西,专用机械,主板,19960619
76,000407.SZ,000407,胜利股份,山东,供气供热,主板,19960703
77,000408.SZ,000408,*ST藏格,青海,农药化肥,主板,19960628
78,000409.SZ,000409,ST地矿,山东,综合类,主板,19960627
79,000410.SZ,000410,*ST沈机,辽宁,机床制造,主板,19960718
80,000411.SZ,000411,英特集团,浙江,医药商业,主板,19960716
81,000413.SZ,000413,东旭光电,河北,元器件,主板,19960925
82,000415.SZ,000415,渤海租赁,新疆,多元金融,主板,19960716
83,000416.SZ,000416,民生控股,山东,多元金融,主板,19960719
84,000417.SZ,000417,合肥百货,安徽,百货,主板,19960812
85,000419.SZ,000419,通程控股,湖南,百货,主板,19960816
86,000420.SZ,000420,吉林化纤,吉林,化纤,主板,19960802
87,000421.SZ,000421,南京公用,江苏,供气供热,主板,19960806
88,000422.SZ,000422,ST宜化,湖北,农药化肥,主板,19960815
89,000423.SZ,000423,东阿阿胶,山东,中成药,主板,19960729
90,000425.SZ,000425,徐工机械,江苏,工程机械,主板,19960828
91,000426.SZ,000426,兴业矿业,内蒙,铅锌,主板,19960828
92,000428.SZ,000428,华天酒店,湖南,酒店餐饮,主板,19960808
93,000429.SZ,000429,粤高速A,广东,路桥,主板,19980220
94,000430.SZ,000430,张家界,湖南,旅游景点,主板,19960829
95,000488.SZ,000488,晨鸣纸业,山东,造纸,主板,20001120
96,000498.SZ,000498,山东路桥,山东,建筑工程,主板,19970609
97,000501.SZ,000501,鄂武商A,湖北,百货,主板,19921120
98,000502.SZ,000502,绿景控股,广东,综合类,主板,19921123
99,000503.SZ,000503,国新健康,海南,医疗保健,主板,19921130
100,000504.SZ,000504,ST生物,湖南,环境保护,主板,19921208
101,000505.SZ,000505,京粮控股,海南,食品,主板,19921221
102,000506.SZ,000506,中润资源,山东,黄金,主板,19930312
103,000507.SZ,000507,珠海港,广东,港口,主板,19930326
104,000509.SZ,000509,*ST华塑,四川,医疗保健,主板,19930507
105,000510.SZ,000510,新金路,四川,化工原料,主板,19930507
106,000513.SZ,000513,丽珠集团,广东,化学制药,主板,19931028
107,000514.SZ,000514,渝开发,重庆,区域地产,主板,19930712
108,000516.SZ,000516,国际医学,陕西,医疗保健,主板,19930809
109,000517.SZ,000517,荣安地产,浙江,区域地产,主板,19930806
110,000518.SZ,000518,四环生物,江苏,生物制药,主板,19930908
111,000519.SZ,000519,中兵红箭,湖南,矿物制品,主板,19931008
112,000520.SZ,000520,长航凤凰,湖北,水运,主板,19931025
113,000521.SZ,000521,长虹美菱,安徽,家用电器,主板,19931018
114,000523.SZ,000523,广州浪奇,广东,日用化工,主板,19931108
115,000524.SZ,000524,岭南控股,广东,酒店餐饮,主板,19931118
116,000525.SZ,000525,红太阳,江苏,农药化肥,主板,19931028
117,000526.SZ,000526,紫光学大,福建,文教休闲,主板,19931101
118,000528.SZ,000528,柳工,广西,工程机械,主板,19931118
119,000529.SZ,000529,广弘控股,广东,食品,主板,19931118
120,000530.SZ,000530,冰山冷热,辽宁,机械基件,主板,19931208
121,000531.SZ,000531,穗恒运A,广东,火力发电,主板,19940106
122,000532.SZ,000532,华金资本,广东,多元金融,主板,19940103
123,000533.SZ,000533,顺钠股份,广东,电气设备,主板,19940103
124,000534.SZ,000534,万泽股份,广东,生物制药,主板,19940110
125,000536.SZ,000536,*ST华映,福建,元器件,主板,19931126
126,000537.SZ,000537,广宇发展,天津,区域地产,主板,19931210
127,000538.SZ,000538,云南白药,云南,中成药,主板,19931215
128,000539.SZ,000539,粤电力A,广东,火力发电,主板,19931126
129,000540.SZ,000540,中天金融,贵州,多元金融,主板,19940202
130,000541.SZ,000541,佛山照明,广东,家用电器,主板,19931123
131,000543.SZ,000543,皖能电力,安徽,火力发电,主板,19931220
132,000544.SZ,000544,中原环保,河南,环境保护,主板,19931208
133,000545.SZ,000545,金浦钛业,吉林,化工原料,主板,19931215
134,000546.SZ,000546,金圆股份,吉林,水泥,主板,19931215
135,000547.SZ,000547,航天发展,福建,通信设备,主板,19931130
136,000548.SZ,000548,湖南投资,湖南,路桥,主板,19931220
137,000550.SZ,000550,江铃汽车,江西,汽车整车,主板,19931201
138,000551.SZ,000551,创元科技,江苏,专用机械,主板,19940106
139,000552.SZ,000552,靖远煤电,甘肃,煤炭开采,主板,19940106
140,000553.SZ,000553,安道麦A,湖北,农药化肥,主板,19931203
141,000554.SZ,000554,泰山石油,山东,石油贸易,主板,19931215
142,000555.SZ,000555,神州信息,深圳,软件服务,主板,19940408
143,000557.SZ,000557,西部创业,宁夏,铁路,主板,19940617
144,000558.SZ,000558,莱茵体育,浙江,文教休闲,主板,19940509
145,000559.SZ,000559,万向钱潮,浙江,汽车配件,主板,19940110
146,000560.SZ,000560,我爱我家,云南,房产服务,主板,19940202
147,000561.SZ,000561,烽火电子,陕西,通信设备,主板,19940509
148,000563.SZ,000563,陕国投A,陕西,多元金融,主板,19940110
149,000564.SZ,000564,供销大集,陕西,百货,主板,19940110
150,000565.SZ,000565,渝三峡A,重庆,染料涂料,主板,19940408
151,000566.SZ,000566,海南海药,海南,化学制药,主板,19940525
152,000567.SZ,000567,海德股份,海南,多元金融,主板,19940525
153,000568.SZ,000568,泸州老窖,四川,白酒,主板,19940509
154,000570.SZ,000570,苏常柴A,江苏,机械基件,主板,19940701
155,000571.SZ,000571,*ST大洲,海南,综合类,主板,19940525
156,000572.SZ,000572,ST海马,海南,汽车整车,主板,19940808
157,000573.SZ,000573,粤宏远A,广东,区域地产,主板,19940815
158,000576.SZ,000576,甘化科工,广东,综合类,主板,19940907
159,000581.SZ,000581,威孚高科,江苏,汽车配件,主板,19980924
160,000582.SZ,000582,北部湾港,广西,港口,主板,19951102
161,000584.SZ,000584,哈工智能,江苏,专用机械,主板,19951128
162,000585.SZ,000585,*ST东电,海南,电气设备,主板,19951213
163,000586.SZ,000586,汇源通信,四川,通信设备,主板,19951220
164,000587.SZ,000587,*ST金洲,黑龙江,批发业,主板,19960425
165,000589.SZ,000589,贵州轮胎,贵州,汽车配件,主板,19960308
166,000590.SZ,000590,启迪古汉,湖南,中成药,主板,19960119
167,000591.SZ,000591,太阳能,重庆,新型电力,主板,19960208
168,000592.SZ,000592,平潭发展,福建,林业,主板,19960327
169,000593.SZ,000593,大通燃气,四川,供气供热,主板,19960312
170,000595.SZ,000595,*ST宝实,宁夏,机械基件,主板,19960419
171,000596.SZ,000596,古井贡酒,安徽,白酒,主板,19960927
172,000597.SZ,000597,东北制药,辽宁,化学制药,主板,19960523
173,000598.SZ,000598,兴蓉环境,四川,水务,主板,19960529
174,000599.SZ,000599,青岛双星,山东,汽车配件,主板,19960430
175,000600.SZ,000600,建投能源,河北,火力发电,主板,19960606
176,000601.SZ,000601,韶能股份,广东,水力发电,主板,19960830
177,000603.SZ,000603,盛达资源,北京,铅锌,主板,19960823
178,000605.SZ,000605,渤海股份,北京,水务,主板,19960913
179,000606.SZ,000606,顺利办,青海,互联网,主板,19961004
180,000607.SZ,000607,华媒控股,浙江,广告包装,主板,19960830
181,000608.SZ,000608,阳光股份,广西,区域地产,主板,19960919
182,000609.SZ,000609,中迪投资,北京,区域地产,主板,19961010
183,000610.SZ,000610,西安旅游,陕西,旅游服务,主板,19960926
184,000611.SZ,000611,ST天首,内蒙,纺织,主板,19961008
185,000612.SZ,000612,焦作万方,河南,铝,主板,19960926
186,000613.SZ,000613,大东海A,海南,旅游服务,主板,19970128
187,000615.SZ,000615,奥园美谷,湖北,化纤,主板,19961016
188,000616.SZ,000616,海航投资,辽宁,全国地产,主板,19961108
189,000617.SZ,000617,中油资本,新疆,多元金融,主板,19961022
190,000619.SZ,000619,海螺型材,安徽,其他建材,主板,19961023
191,000620.SZ,000620,新华联,北京,全国地产,主板,19961029
192,000622.SZ,000622,恒立实业,湖南,汽车配件,主板,19961107
193,000623.SZ,000623,吉林敖东,吉林,化学制药,主板,19961028
194,000625.SZ,000625,长安汽车,重庆,汽车整车,主板,19970610
195,000626.SZ,000626,远大控股,江苏,商贸代理,主板,19961128
196,000627.SZ,000627,天茂集团,湖北,保险,主板,19961112
197,000628.SZ,000628,高新发展,四川,园区开发,主板,19961118
198,000629.SZ,000629,攀钢钒钛,四川,小金属,主板,19961115
199,000630.SZ,000630,铜陵有色,安徽,铜,主板,19961120
200,000631.SZ,000631,顺发恒业,吉林,区域地产,主板,19961122
201,000632.SZ,000632,三木集团,福建,综合类,主板,19961121
202,000633.SZ,000633,合金投资,新疆,综合类,主板,19961112
203,000635.SZ,000635,英力特,宁夏,化工原料,主板,19961120
204,000636.SZ,000636,风华高科,广东,元器件,主板,19961129
205,000637.SZ,000637,茂化实华,广东,石油加工,主板,19961114
206,000638.SZ,000638,万方发展,吉林,软件服务,主板,19961126
207,000639.SZ,000639,西王食品,山东,食品,主板,19961126
208,000650.SZ,000650,仁和药业,江西,中成药,主板,19961210
209,000651.SZ,000651,格力电器,广东,家用电器,主板,19961118
210,000652.SZ,000652,泰达股份,天津,批发业,主板,19961128
211,000655.SZ,000655,金岭矿业,山东,普钢,主板,19961128
212,000656.SZ,000656,金科股份,重庆,区域地产,主板,19961128
213,000657.SZ,000657,中钨高新,海南,小金属,主板,19961205
214,000659.SZ,000659,珠海中富,广东,广告包装,主板,19961203
215,000661.SZ,000661,长春高新,吉林,生物制药,主板,19961218
216,000662.SZ,000662,*ST天夏,广西,软件服务,主板,19961216
217,000663.SZ,000663,*ST永林,福建,林业,主板,19961206
218,000665.SZ,000665,湖北广电,湖北,影视音像,主板,19961210
219,000666.SZ,000666,经纬纺机,北京,多元金融,主板,19961210
220,000667.SZ,000667,美好置业,云南,全国地产,主板,19961205
221,000668.SZ,000668,荣丰控股,上海,区域地产,主板,19961210
222,000669.SZ,000669,*ST金鸿,吉林,供气供热,主板,19961210
223,000671.SZ,000671,阳光城,福建,区域地产,主板,19961218
224,000672.SZ,000672,上峰水泥,甘肃,水泥,主板,19961218
225,000673.SZ,000673,*ST当代,山西,影视音像,主板,19970124
226,000676.SZ,000676,智度股份,河南,互联网,主板,19961224
227,000677.SZ,000677,恒天海龙,山东,化纤,主板,19961226
228,000678.SZ,000678,襄阳轴承,湖北,机械基件,主板,19970106
229,000679.SZ,000679,*ST友谊,辽宁,百货,主板,19970124
230,000680.SZ,000680,山推股份,山东,工程机械,主板,19970122
231,000681.SZ,000681,视觉中国,江苏,互联网,主板,19970121
232,000682.SZ,000682,东方电子,山东,软件服务,主板,19970121
233,000683.SZ,000683,远兴能源,内蒙,化工原料,主板,19970131
234,000685.SZ,000685,中山公用,广东,水务,主板,19970123
235,000686.SZ,000686,东北证券,吉林,证券,主板,19970227
236,000687.SZ,000687,*ST华讯,河北,通信设备,主板,19970221
237,000688.SZ,000688,国城矿业,重庆,铅锌,主板,19970120
238,000690.SZ,000690,宝新能源,广东,火力发电,主板,19970128
239,000691.SZ,000691,亚太实业,甘肃,化工原料,主板,19970228
240,000692.SZ,000692,惠天热电,辽宁,供气供热,主板,19970227
241,000695.SZ,000695,滨海能源,天津,广告包装,主板,19970218
242,000697.SZ,000697,炼石航空,陕西,航空,主板,19970325
243,000698.SZ,000698,沈阳化工,辽宁,化工原料,主板,19970220
244,000700.SZ,000700,模塑科技,江苏,汽车配件,主板,19970228
245,000701.SZ,000701,厦门信达,福建,综合类,主板,19970226
246,000702.SZ,000702,正虹科技,湖南,饲料,主板,19970318
247,000703.SZ,000703,恒逸石化,广西,化纤,主板,19970328
248,000705.SZ,000705,浙江震元,浙江,医药商业,主板,19970410
249,000707.SZ,000707,ST双环,湖北,化工原料,主板,19970415
250,000708.SZ,000708,中信特钢,湖北,特种钢,主板,19970326
251,000709.SZ,000709,河钢股份,河北,普钢,主板,19970416
252,000710.SZ,000710,贝瑞基因,四川,医疗保健,主板,19970422
253,000711.SZ,000711,京蓝科技,黑龙江,软件服务,主板,19970411
254,000712.SZ,000712,锦龙股份,广东,证券,主板,19970415
255,000713.SZ,000713,丰乐种业,安徽,种植业,主板,19970422
256,000715.SZ,000715,中兴商业,辽宁,百货,主板,19970508
257,000716.SZ,000716,黑芝麻,广西,食品,主板,19970418
258,000717.SZ,000717,韶钢松山,广东,普钢,主板,19970508
259,000718.SZ,000718,苏宁环球,吉林,区域地产,主板,19970408
260,000719.SZ,000719,中原传媒,河南,出版业,主板,19970331
261,000720.SZ,000720,新能泰山,山东,区域地产,主板,19970509
262,000721.SZ,000721,西安饮食,陕西,酒店餐饮,主板,19970430
263,000722.SZ,000722,湖南发展,湖南,水力发电,主板,19970522
264,000723.SZ,000723,美锦能源,山西,焦炭加工,主板,19970515
265,000725.SZ,000725,京东方A,北京,元器件,主板,20010112
266,000726.SZ,000726,鲁泰A,山东,纺织,主板,20001225
267,000727.SZ,000727,*ST东科,江苏,元器件,主板,19970520
268,000728.SZ,000728,国元证券,安徽,证券,主板,19970616
269,000729.SZ,000729,燕京啤酒,北京,啤酒,主板,19970716
270,000731.SZ,000731,四川美丰,四川,农药化肥,主板,19970617
271,000732.SZ,000732,泰禾集团,福建,区域地产,主板,19970704
272,000733.SZ,000733,振华科技,贵州,元器件,主板,19970703
273,000735.SZ,000735,罗牛山,海南,农业综合,主板,19970611
274,000736.SZ,000736,中交地产,重庆,全国地产,主板,19970425
275,000737.SZ,000737,ST南风,山西,日用化工,主板,19970428
276,000738.SZ,000738,航发控制,江苏,航空,主板,19970626
277,000739.SZ,000739,普洛药业,浙江,化学制药,主板,19970509
278,000750.SZ,000750,国海证券,广西,证券,主板,19970709
279,000751.SZ,000751,锌业股份,辽宁,铅锌,主板,19970626
280,000752.SZ,000752,*ST西发,西藏,啤酒,主板,19970625
281,000753.SZ,000753,漳州发展,福建,汽车服务,主板,19970626
282,000755.SZ,000755,山西路桥,山西,公路,主板,19970627
283,000756.SZ,000756,新华制药,山东,化学制药,主板,19970806
284,000757.SZ,000757,浩物股份,四川,汽车配件,主板,19970627
285,000758.SZ,000758,中色股份,北京,铅锌,主板,19970416
286,000759.SZ,000759,中百集团,湖北,超市连锁,主板,19970519
287,000761.SZ,000761,本钢板材,辽宁,普钢,主板,19980115
288,000762.SZ,000762,西藏矿业,西藏,小金属,主板,19970708
289,000766.SZ,000766,通化金马,吉林,化学制药,主板,19970430
290,000767.SZ,000767,漳泽电力,山西,火力发电,主板,19970609
291,000768.SZ,000768,中航西飞,陕西,航空,主板,19970626
292,000776.SZ,000776,广发证券,广东,证券,主板,19970611
293,000777.SZ,000777,中核科技,江苏,机械基件,主板,19970710
294,000778.SZ,000778,新兴铸管,河北,钢加工,主板,19970606
295,000779.SZ,000779,甘咨询,甘肃,建筑工程,主板,19970528
296,000780.SZ,000780,*ST平能,内蒙,煤炭开采,主板,19970606
297,000782.SZ,000782,美达股份,广东,化纤,主板,19970619
298,000783.SZ,000783,长江证券,湖北,证券,主板,19970731
299,000785.SZ,000785,居然之家,湖北,百货,主板,19970711
300,000786.SZ,000786,北新建材,北京,其他建材,主板,19970606
301,000788.SZ,000788,北大医药,重庆,化学制药,主板,19970616
302,000789.SZ,000789,万年青,江西,水泥,主板,19970923
303,000790.SZ,000790,华神科技,四川,中成药,主板,19980327
304,000791.SZ,000791,甘肃电投,甘肃,水力发电,主板,19971014
305,000793.SZ,000793,华闻集团,海南,出版业,主板,19970729
306,000795.SZ,000795,英洛华,山西,矿物制品,主板,19970808
307,000796.SZ,000796,凯撒旅业,陕西,旅游服务,主板,19970703
308,000797.SZ,000797,中国武夷,福建,全国地产,主板,19970715
309,000798.SZ,000798,中水渔业,北京,渔业,主板,19980212
310,000799.SZ,000799,酒鬼酒,湖南,白酒,主板,19970718
311,000800.SZ,000800,一汽解放,吉林,汽车整车,主板,19970618
312,000801.SZ,000801,四川九洲,四川,通信设备,主板,19980506
313,000802.SZ,000802,北京文化,北京,影视音像,主板,19980108
314,000803.SZ,000803,*ST北能,四川,电气设备,主板,19980303
315,000806.SZ,000806,*ST银河,广西,生物制药,主板,19980416
316,000807.SZ,000807,云铝股份,云南,铝,主板,19980408
317,000809.SZ,000809,铁岭新城,辽宁,区域地产,主板,19980616
318,000810.SZ,000810,创维数字,四川,家用电器,主板,19980602
319,000811.SZ,000811,冰轮环境,山东,工程机械,主板,19980528
320,000812.SZ,000812,陕西金叶,陕西,广告包装,主板,19980623
321,000813.SZ,000813,德展健康,新疆,化学制药,主板,19980519
322,000815.SZ,000815,美利云,宁夏,造纸,主板,19980609
323,000816.SZ,000816,智慧农业,江苏,农用机械,主板,19970818
324,000818.SZ,000818,航锦科技,辽宁,化工原料,主板,19971017
325,000819.SZ,000819,岳阳兴长,湖南,石油加工,主板,19970625
326,000820.SZ,000820,*ST节能,辽宁,环境保护,主板,19980630
327,000821.SZ,000821,京山轻机,湖北,轻工机械,主板,19980626
328,000822.SZ,000822,山东海化,山东,化工原料,主板,19980703
329,000823.SZ,000823,超声电子,广东,元器件,主板,19971008
330,000825.SZ,000825,太钢不锈,山西,特种钢,主板,19981021
331,000826.SZ,000826,启迪环境,湖北,环境保护,主板,19980225
332,000828.SZ,000828,东莞控股,广东,路桥,主板,19970617
333,000829.SZ,000829,天音控股,江西,其他商业,主板,19971202
334,000830.SZ,000830,鲁西化工,山东,农药化肥,主板,19980807
335,000831.SZ,000831,五矿稀土,山西,小金属,主板,19980911
336,000833.SZ,000833,粤桂股份,广西,造纸,主板,19981111
337,000835.SZ,000835,*ST长动,四川,影视音像,主板,19990625
338,000836.SZ,000836,富通鑫茂,天津,通信设备,主板,19970929
339,000837.SZ,000837,*ST秦机,陕西,机床制造,主板,19980928
340,000838.SZ,000838,财信发展,重庆,区域地产,主板,19970626
341,000839.SZ,000839,中信国安,北京,综合类,主板,19971031
342,000848.SZ,000848,承德露露,河北,软饮料,主板,19971113
343,000850.SZ,000850,华茂股份,安徽,纺织,主板,19981007
344,000851.SZ,000851,高鸿股份,贵州,软件服务,主板,19980609
345,000852.SZ,000852,石化机械,湖北,化工机械,主板,19981126
346,000856.SZ,000856,冀东装备,河北,机械基件,主板,19980813
347,000858.SZ,000858,五粮液,四川,白酒,主板,19980427
348,000859.SZ,000859,国风塑业,安徽,塑料,主板,19981119
349,000860.SZ,000860,顺鑫农业,北京,白酒,主板,19981104
350,000861.SZ,000861,海印股份,广东,房产服务,主板,19981028
351,000862.SZ,000862,银星能源,宁夏,新型电力,主板,19980915
352,000863.SZ,000863,三湘印象,上海,区域地产,主板,19970925
353,000868.SZ,000868,ST安凯,安徽,汽车整车,主板,19970725
354,000869.SZ,000869,张裕A,山东,红黄酒,主板,20001026
355,000875.SZ,000875,吉电股份,吉林,火力发电,主板,20020926
356,000876.SZ,000876,新希望,四川,饲料,主板,19980311
357,000877.SZ,000877,天山股份,新疆,水泥,主板,19990107
358,000878.SZ,000878,云南铜业,云南,铜,主板,19980602
359,000880.SZ,000880,潍柴重机,山东,机械基件,主板,19980402
360,000881.SZ,000881,中广核技,辽宁,综合类,主板,19980902
361,000882.SZ,000882,华联股份,北京,其他商业,主板,19980616
362,000883.SZ,000883,湖北能源,湖北,火力发电,主板,19980519
363,000885.SZ,000885,城发环境,河南,公路,主板,19990319
364,000886.SZ,000886,海南高速,海南,路桥,主板,19980123
365,000887.SZ,000887,中鼎股份,安徽,橡胶,主板,19981203
366,000888.SZ,000888,峨眉山A,四川,旅游景点,主板,19971021
367,000889.SZ,000889,中嘉博创,河北,通信设备,主板,19971218
368,000890.SZ,000890,*ST胜尔,江苏,钢加工,主板,19990119
369,000892.SZ,000892,欢瑞世纪,重庆,影视音像,主板,19990115
370,000893.SZ,000893,亚钾国际,广东,农药化肥,主板,19981224
371,000895.SZ,000895,双汇发展,河南,食品,主板,19981210
372,000897.SZ,000897,津滨发展,天津,区域地产,主板,19990422
373,000898.SZ,000898,鞍钢股份,辽宁,普钢,主板,19971225
374,000899.SZ,000899,赣能股份,江西,火力发电,主板,19971126
375,000900.SZ,000900,现代投资,湖南,路桥,主板,19990128
376,000901.SZ,000901,航天科技,黑龙江,汽车配件,主板,19990401
377,000902.SZ,000902,新洋丰,湖北,农药化肥,主板,19990408
378,000903.SZ,000903,云内动力,云南,机械基件,主板,19990415
379,000905.SZ,000905,厦门港务,福建,港口,主板,19990429
380,000906.SZ,000906,浙商中拓,浙江,批发业,主板,19990707
381,000908.SZ,000908,景峰医药,湖南,化学制药,主板,19990203
382,000909.SZ,000909,数源科技,浙江,综合类,主板,19990507
383,000910.SZ,000910,大亚圣象,江苏,家居用品,主板,19990630
384,000911.SZ,000911,南宁糖业,广西,食品,主板,19990527
385,000912.SZ,000912,泸天化,四川,农药化肥,主板,19990603
386,000913.SZ,000913,钱江摩托,浙江,摩托车,主板,19990514
387,000915.SZ,000915,山大华特,山东,化学制药,主板,19990609
388,000917.SZ,000917,电广传媒,湖南,影视音像,主板,19990325
389,000918.SZ,000918,嘉凯城,浙江,全国地产,主板,19990720
390,000919.SZ,000919,金陵药业,江苏,化学制药,主板,19991118
391,000920.SZ,000920,南方汇通,贵州,环境保护,主板,19990616
392,000921.SZ,000921,海信家电,广东,家用电器,主板,19990713
393,000922.SZ,000922,佳电股份,黑龙江,电气设备,主板,19990618
394,000923.SZ,000923,河钢资源,河北,普钢,主板,19990714
395,000925.SZ,000925,众合科技,浙江,专用机械,主板,19990611
396,000926.SZ,000926,福星股份,湖北,区域地产,主板,19990618
397,000927.SZ,000927,*ST夏利,天津,仓储物流,主板,19990727
398,000928.SZ,000928,中钢国际,吉林,建筑工程,主板,19990312
399,000929.SZ,000929,兰州黄河,甘肃,啤酒,主板,19990623
400,000930.SZ,000930,中粮科技,安徽,农业综合,主板,19990712
401,000931.SZ,000931,中关村,北京,生物制药,主板,19990712
402,000932.SZ,000932,华菱钢铁,湖南,普钢,主板,19990803
403,000933.SZ,000933,神火股份,河南,铝,主板,19990831
404,000935.SZ,000935,四川双马,四川,水泥,主板,19990824
405,000936.SZ,000936,华西股份,江苏,化纤,主板,19990810
406,000937.SZ,000937,冀中能源,河北,煤炭开采,主板,19990909
407,000938.SZ,000938,紫光股份,北京,软件服务,主板,19991104
408,000948.SZ,000948,南天信息,云南,软件服务,主板,19991014
409,000949.SZ,000949,新乡化纤,河南,化纤,主板,19991021
410,000950.SZ,000950,重药控股,重庆,医药商业,主板,19990916
411,000951.SZ,000951,中国重汽,山东,汽车整车,主板,19991125
412,000952.SZ,000952,广济药业,湖北,化学制药,主板,19991112
413,000953.SZ,000953,*ST河化,广西,农药化肥,主板,19991202
414,000955.SZ,000955,欣龙控股,海南,纺织,主板,19991209
415,000957.SZ,000957,中通客车,山东,汽车整车,主板,20000113
416,000958.SZ,000958,东方能源,河北,火力发电,主板,19991223
417,000959.SZ,000959,首钢股份,北京,普钢,主板,19991216
418,000960.SZ,000960,锡业股份,云南,小金属,主板,20000221
419,000961.SZ,000961,中南建设,江苏,建筑工程,主板,20000301
420,000962.SZ,000962,东方钽业,宁夏,小金属,主板,20000120
421,000963.SZ,000963,华东医药,浙江,化学制药,主板,20000127
422,000965.SZ,000965,天保基建,天津,区域地产,主板,20000406
423,000966.SZ,000966,长源电力,湖北,火力发电,主板,20000316
424,000967.SZ,000967,盈峰环境,浙江,环境保护,主板,20000330
425,000968.SZ,000968,蓝焰控股,山西,煤炭开采,主板,20000622
426,000969.SZ,000969,安泰科技,北京,钢加工,主板,20000529
427,000970.SZ,000970,中科三环,北京,元器件,主板,20000420
428,000971.SZ,000971,*ST高升,湖北,互联网,主板,20000427
429,000972.SZ,000972,ST中基,新疆,食品,主板,20000926
430,000973.SZ,000973,佛塑科技,广东,塑料,主板,20000525
431,000975.SZ,000975,银泰黄金,内蒙,黄金,主板,20000608
432,000976.SZ,000976,华铁股份,广东,运输设备,主板,20000601
433,000977.SZ,000977,浪潮信息,山东,IT设备,主板,20000608
434,000978.SZ,000978,桂林旅游,广西,旅游景点,主板,20000518
435,000980.SZ,000980,*ST众泰,浙江,汽车配件,主板,20000616
436,000981.SZ,000981,*ST银亿,甘肃,汽车配件,主板,20000622
437,000982.SZ,000982,*ST中绒,宁夏,纺织,主板,20000706
438,000983.SZ,000983,山西焦煤,山西,煤炭开采,主板,20000726
439,000985.SZ,000985,大庆华科,黑龙江,化工原料,主板,20000726
440,000987.SZ,000987,越秀金控,广东,多元金融,主板,20000718
441,000988.SZ,000988,华工科技,湖北,电器仪表,主板,20000608
442,000989.SZ,000989,九芝堂,湖南,中成药,主板,20000628
443,000990.SZ,000990,诚志股份,江西,化工原料,主板,20000706
444,000993.SZ,000993,闽东电力,福建,水力发电,主板,20000731
445,000995.SZ,000995,皇台酒业,甘肃,白酒,主板,20000807
446,000996.SZ,000996,中国中期,北京,汽车服务,主板,20000718
447,000997.SZ,000997,新大陆,福建,软件服务,主板,20000807
448,000998.SZ,000998,隆平高科,湖南,种植业,主板,20001211
449,000999.SZ,000999,华润三九,深圳,中成药,主板,20000309
450,001696.SZ,001696,宗申动力,重庆,摩托车,主板,19970306
451,001872.SZ,001872,招商港口,深圳,港口,主板,19930505
452,001896.SZ,001896,豫能控股,河南,火力发电,主板,19980122
453,001914.SZ,001914,招商积余,深圳,房产服务,主板,19940928
454,001965.SZ,001965,招商公路,天津,路桥,主板,20171225
455,001979.SZ,001979,招商蛇口,深圳,全国地产,主板,20151230
456,002001.SZ,002001,新和成,浙江,化学制药,中小板,20040625
457,002002.SZ,002002,鸿达兴业,江苏,化工原料,中小板,20040625
458,002003.SZ,002003,伟星股份,浙江,服饰,中小板,20040625
459,002004.SZ,002004,华邦健康,重庆,化学制药,中小板,20040625
460,002005.SZ,002005,ST德豪,安徽,家用电器,中小板,20040625
461,002006.SZ,002006,精功科技,浙江,专用机械,中小板,20040625
462,002007.SZ,002007,华兰生物,河南,生物制药,中小板,20040625
463,002008.SZ,002008,大族激光,深圳,电器仪表,中小板,20040625
464,002009.SZ,002009,天奇股份,江苏,工程机械,中小板,20040629
465,002010.SZ,002010,传化智联,浙江,仓储物流,中小板,20040629
466,002011.SZ,002011,盾安环境,浙江,工程机械,中小板,20040705
467,002012.SZ,002012,凯恩股份,浙江,造纸,中小板,20040705
468,002013.SZ,002013,中航机电,湖北,航空,中小板,20040705
469,002014.SZ,002014,永新股份,安徽,塑料,中小板,20040708
470,002015.SZ,002015,协鑫能科,江苏,新型电力,中小板,20040708
471,002016.SZ,002016,世荣兆业,广东,区域地产,中小板,20040708
472,002017.SZ,002017,东信和平,广东,通信设备,中小板,20040713
473,002019.SZ,002019,亿帆医药,浙江,化学制药,中小板,20040713
474,002020.SZ,002020,京新药业,浙江,化学制药,中小板,20040715
475,002021.SZ,002021,ST中捷,浙江,纺织机械,中小板,20040715
476,002022.SZ,002022,科华生物,上海,医疗保健,中小板,20040721
477,002023.SZ,002023,海特高新,四川,航空,中小板,20040721
478,002024.SZ,002024,苏宁易购,江苏,电器连锁,中小板,20040721
479,002025.SZ,002025,航天电器,贵州,元器件,中小板,20040726
480,002026.SZ,002026,山东威达,山东,机械基件,中小板,20040727
481,002027.SZ,002027,分众传媒,广东,影视音像,中小板,20040804
482,002028.SZ,002028,思源电气,上海,电气设备,中小板,20040805
483,002029.SZ,002029,七匹狼,福建,服饰,中小板,20040806
484,002030.SZ,002030,达安基因,广东,生物制药,中小板,20040809
485,002031.SZ,002031,巨轮智能,广东,汽车配件,中小板,20040816
486,002032.SZ,002032,苏泊尔,浙江,家用电器,中小板,20040817
487,002033.SZ,002033,丽江股份,云南,旅游景点,中小板,20040825
488,002034.SZ,002034,旺能环境,浙江,环境保护,中小板,20040826
489,002035.SZ,002035,华帝股份,广东,家用电器,中小板,20040901
490,002036.SZ,002036,联创电子,江西,元器件,中小板,20040903
491,002037.SZ,002037,保利联合,贵州,化工原料,中小板,20040908
492,002038.SZ,002038,双鹭药业,北京,生物制药,中小板,20040909
493,002039.SZ,002039,黔源电力,贵州,水力发电,中小板,20050303
494,002040.SZ,002040,南京港,江苏,港口,中小板,20050325
495,002041.SZ,002041,登海种业,山东,种植业,中小板,20050418
496,002042.SZ,002042,华孚时尚,安徽,纺织,中小板,20050427
497,002043.SZ,002043,兔宝宝,浙江,其他建材,中小板,20050510
498,002044.SZ,002044,美年健康,江苏,医疗保健,中小板,20050518
499,002045.SZ,002045,国光电器,广东,元器件,中小板,20050523
500,002046.SZ,002046,国机精工,河南,机械基件,中小板,20050526
501,002047.SZ,002047,宝鹰股份,深圳,装修装饰,中小板,20050531
502,002048.SZ,002048,宁波华翔,浙江,汽车配件,中小板,20050603
503,002049.SZ,002049,紫光国微,河北,元器件,中小板,20050606
504,002050.SZ,002050,三花智控,浙江,机械基件,中小板,20050607
505,002051.SZ,002051,中工国际,北京,建筑工程,中小板,20060619
506,002052.SZ,002052,*ST同洲,深圳,通信设备,中小板,20060627
507,002053.SZ,002053,云南能投,云南,食品,中小板,20060627
508,002054.SZ,002054,德美化工,广东,化工原料,中小板,20060725
509,002055.SZ,002055,得润电子,深圳,元器件,中小板,20060725
510,002056.SZ,002056,横店东磁,浙江,元器件,中小板,20060802
511,002057.SZ,002057,中钢天源,安徽,元器件,中小板,20060802
512,002058.SZ,002058,威尔泰,上海,电器仪表,中小板,20060802
513,002059.SZ,002059,云南旅游,云南,旅游景点,中小板,20060810
514,002060.SZ,002060,粤水电,广东,建筑工程,中小板,20060810
515,002061.SZ,002061,浙江交科,浙江,建筑工程,中小板,20060816
516,002062.SZ,002062,宏润建设,浙江,建筑工程,中小板,20060816
517,002063.SZ,002063,远光软件,广东,软件服务,中小板,20060823
518,002064.SZ,002064,华峰氨纶,浙江,化纤,中小板,20060823
519,002065.SZ,002065,东华软件,北京,软件服务,中小板,20060823
520,002066.SZ,002066,瑞泰科技,北京,其他建材,中小板,20060823
521,002067.SZ,002067,景兴纸业,浙江,造纸,中小板,20060915
522,002068.SZ,002068,黑猫股份,江西,化工原料,中小板,20060915
523,002069.SZ,002069,獐子岛,辽宁,渔业,中小板,20060928
524,002071.SZ,002071,*ST长城,江苏,影视音像,中小板,20061012
525,002072.SZ,002072,ST凯瑞,山东,互联网,中小板,20061018
526,002073.SZ,002073,软控股份,山东,软件服务,中小板,20061018
527,002074.SZ,002074,国轩高科,安徽,电气设备,中小板,20061018
528,002075.SZ,002075,沙钢股份,江苏,特种钢,中小板,20061025
529,002076.SZ,002076,*ST雪莱,广东,家用电器,中小板,20061025
530,002077.SZ,002077,*ST大港,江苏,区域地产,中小板,20061116
531,002078.SZ,002078,太阳纸业,山东,造纸,中小板,20061116
532,002079.SZ,002079,苏州固锝,江苏,半导体,中小板,20061116
533,002080.SZ,002080,中材科技,江苏,化纤,中小板,20061120
534,002081.SZ,002081,金螳螂,江苏,装修装饰,中小板,20061120
535,002082.SZ,002082,万邦德,浙江,铝,中小板,20061120
536,002083.SZ,002083,孚日股份,山东,纺织,中小板,20061124
537,002084.SZ,002084,海鸥住工,广东,家居用品,中小板,20061124
538,002085.SZ,002085,万丰奥威,浙江,汽车配件,中小板,20061128
539,002086.SZ,002086,*ST东洋,山东,渔业,中小板,20061128
540,002087.SZ,002087,新野纺织,河南,纺织,中小板,20061130
541,002088.SZ,002088,鲁阳节能,山东,矿物制品,中小板,20061130
542,002089.SZ,002089,ST新海,江苏,通信设备,中小板,20061130
543,002090.SZ,002090,金智科技,江苏,软件服务,中小板,20061208
544,002091.SZ,002091,江苏国泰,江苏,商贸代理,中小板,20061208
545,002092.SZ,002092,中泰化学,新疆,化工原料,中小板,20061208
546,002093.SZ,002093,国脉科技,福建,电信运营,中小板,20061215
547,002094.SZ,002094,青岛金王,山东,日用化工,中小板,20061215
548,002095.SZ,002095,生意宝,浙江,互联网,中小板,20061215
549,002096.SZ,002096,南岭民爆,湖南,化工原料,中小板,20061222
550,002097.SZ,002097,山河智能,湖南,工程机械,中小板,20061222
551,002098.SZ,002098,浔兴股份,福建,服饰,中小板,20061222
552,002099.SZ,002099,海翔药业,浙江,化学制药,中小板,20061226
553,002100.SZ,002100,天康生物,新疆,饲料,中小板,20061226
554,002101.SZ,002101,广东鸿图,广东,汽车配件,中小板,20061229
555,002102.SZ,002102,ST冠福,福建,化学制药,中小板,20061229
556,002103.SZ,002103,广博股份,浙江,文教休闲,中小板,20070110
557,002104.SZ,002104,恒宝股份,江苏,元器件,中小板,20070110
558,002105.SZ,002105,信隆健康,深圳,文教休闲,中小板,20070112
559,002106.SZ,002106,莱宝高科,深圳,元器件,中小板,20070112
560,002107.SZ,002107,沃华医药,山东,中成药,中小板,20070124
561,002108.SZ,002108,沧州明珠,河北,塑料,中小板,20070124
562,002109.SZ,002109,兴化股份,陕西,化工原料,中小板,20070126
563,002110.SZ,002110,三钢闽光,福建,普钢,中小板,20070126
564,002111.SZ,002111,威海广泰,山东,航空,中小板,20070126
565,002112.SZ,002112,三变科技,浙江,电气设备,中小板,20070208
566,002113.SZ,002113,*ST天润,湖南,互联网,中小板,20070208
567,002114.SZ,002114,罗平锌电,云南,铅锌,中小板,20070215
568,002115.SZ,002115,三维通信,浙江,互联网,中小板,20070215
569,002116.SZ,002116,中国海诚,上海,建筑工程,中小板,20070215
570,002117.SZ,002117,东港股份,山东,广告包装,中小板,20070302
571,002118.SZ,002118,紫鑫药业,吉林,中成药,中小板,20070302
572,002119.SZ,002119,康强电子,浙江,半导体,中小板,20070302
573,002120.SZ,002120,韵达股份,浙江,仓储物流,中小板,20070306
574,002121.SZ,002121,*ST科陆,深圳,电器仪表,中小板,20070306
575,002122.SZ,002122,*ST天马,浙江,机械基件,中小板,20070328
576,002123.SZ,002123,梦网集团,辽宁,互联网,中小板,20070328
577,002124.SZ,002124,天邦股份,浙江,饲料,中小板,20070403
578,002125.SZ,002125,湘潭电化,湖南,化工原料,中小板,20070403
579,002126.SZ,002126,银轮股份,浙江,汽车配件,中小板,20070418
580,002127.SZ,002127,南极电商,江苏,互联网,中小板,20070418
581,002128.SZ,002128,露天煤业,内蒙,煤炭开采,中小板,20070418
582,002129.SZ,002129,中环股份,天津,半导体,中小板,20070420
583,002130.SZ,002130,沃尔核材,深圳,电气设备,中小板,20070420
584,002131.SZ,002131,利欧股份,浙江,互联网,中小板,20070427
585,002132.SZ,002132,恒星科技,河南,钢加工,中小板,20070427
586,002133.SZ,002133,广宇集团,浙江,全国地产,中小板,20070427
587,002134.SZ,002134,天津普林,天津,元器件,中小板,20070516
588,002135.SZ,002135,东南网架,浙江,建筑工程,中小板,20070530
589,002136.SZ,002136,安纳达,安徽,化工原料,中小板,20070530
590,002137.SZ,002137,麦达数字,深圳,通信设备,中小板,20070613
591,002138.SZ,002138,顺络电子,深圳,元器件,中小板,20070613
592,002139.SZ,002139,拓邦股份,深圳,元器件,中小板,20070629
593,002140.SZ,002140,东华科技,安徽,建筑工程,中小板,20070712
594,002141.SZ,002141,贤丰控股,广东,元器件,中小板,20070720
595,002142.SZ,002142,宁波银行,浙江,银行,中小板,20070719
596,002144.SZ,002144,宏达高科,浙江,纺织,中小板,20070803
597,002145.SZ,002145,中核钛白,甘肃,化工原料,中小板,20070803
598,002146.SZ,002146,荣盛发展,河北,全国地产,中小板,20070808
599,002147.SZ,002147,*ST新光,安徽,区域地产,中小板,20070808
600,002148.SZ,002148,北纬科技,北京,互联网,中小板,20070810
601,002149.SZ,002149,西部材料,陕西,小金属,中小板,20070810
602,002150.SZ,002150,通润装备,江苏,机械基件,中小板,20070810
603,002151.SZ,002151,北斗星通,北京,通信设备,中小板,20070813
604,002152.SZ,002152,广电运通,广东,IT设备,中小板,20070813
605,002153.SZ,002153,石基信息,北京,软件服务,中小板,20070813
606,002154.SZ,002154,报喜鸟,浙江,服饰,中小板,20070816
607,002155.SZ,002155,湖南黄金,湖南,黄金,中小板,20070816
608,002156.SZ,002156,通富微电,江苏,半导体,中小板,20070816
609,002157.SZ,002157,正邦科技,江西,饲料,中小板,20070817
610,002158.SZ,002158,汉钟精机,上海,工程机械,中小板,20070817
611,002159.SZ,002159,三特索道,湖北,旅游服务,中小板,20070817
612,002160.SZ,002160,常铝股份,江苏,铝,中小板,20070821
613,002161.SZ,002161,远望谷,深圳,通信设备,中小板,20070821
614,002162.SZ,002162,悦心健康,上海,医疗保健,中小板,20070823
615,002163.SZ,002163,海南发展,深圳,装修装饰,中小板,20070823
616,002164.SZ,002164,宁波东力,浙江,电气设备,中小板,20070823
617,002165.SZ,002165,红宝丽,江苏,化工原料,中小板,20070913
618,002166.SZ,002166,莱茵生物,广西,中成药,中小板,20070913
619,002167.SZ,002167,东方锆业,广东,小金属,中小板,20070913
620,002168.SZ,002168,惠程科技,深圳,互联网,中小板,20070919
621,002169.SZ,002169,智光电气,广东,电气设备,中小板,20070919
622,002170.SZ,002170,芭田股份,深圳,农药化肥,中小板,20070919
623,002171.SZ,002171,楚江新材,安徽,铜,中小板,20070921
624,002172.SZ,002172,澳洋健康,江苏,化纤,中小板,20070921
625,002173.SZ,002173,创新医疗,浙江,医疗保健,中小板,20070925
626,002174.SZ,002174,游族网络,福建,互联网,中小板,20070925
627,002175.SZ,002175,ST东网,广西,电器仪表,中小板,20071012
628,002176.SZ,002176,*ST江特,江西,电气设备,中小板,20071012
629,002177.SZ,002177,御银股份,广东,IT设备,中小板,20071101
630,002178.SZ,002178,延华智能,上海,建筑工程,中小板,20071101
631,002179.SZ,002179,中航光电,河南,元器件,中小板,20071101
632,002180.SZ,002180,纳思达,广东,IT设备,中小板,20071113
633,002181.SZ,002181,粤传媒,广东,出版业,中小板,20071116
634,002182.SZ,002182,云海金属,江苏,小金属,中小板,20071113
635,002183.SZ,002183,怡亚通,深圳,仓储物流,中小板,20071113
636,002184.SZ,002184,海得控制,上海,软件服务,中小板,20071116
637,002185.SZ,002185,华天科技,甘肃,半导体,中小板,20071120
638,002186.SZ,002186,全聚德,北京,酒店餐饮,中小板,20071120
639,002187.SZ,002187,广百股份,广东,百货,中小板,20071122
640,002188.SZ,002188,ST巴士,浙江,广告包装,中小板,20071122
641,002189.SZ,002189,中光学,河南,元器件,中小板,20071203
642,002190.SZ,002190,成飞集成,四川,汽车配件,中小板,20071203
643,002191.SZ,002191,劲嘉股份,深圳,广告包装,中小板,20071205
644,002192.SZ,002192,*ST融捷,广东,专用机械,中小板,20071205
645,002193.SZ,002193,如意集团,山东,纺织,中小板,20071207
646,002194.SZ,002194,武汉凡谷,湖北,通信设备,中小板,20071207
647,002195.SZ,002195,二三四五,上海,软件服务,中小板,20071212
648,002196.SZ,002196,方正电机,浙江,纺织机械,中小板,20071212
649,002197.SZ,002197,证通电子,深圳,电器仪表,中小板,20071218
650,002198.SZ,002198,嘉应制药,广东,中成药,中小板,20071218
651,002199.SZ,002199,东晶电子,浙江,元器件,中小板,20071221
652,002200.SZ,002200,ST云投,云南,环境保护,中小板,20071221
653,002201.SZ,002201,九鼎新材,江苏,玻璃,中小板,20071226
654,002202.SZ,002202,金风科技,新疆,电气设备,中小板,20071226
655,002203.SZ,002203,海亮股份,浙江,铜,中小板,20080116
656,002204.SZ,002204,大连重工,辽宁,专用机械,中小板,20080116
657,002205.SZ,002205,国统股份,新疆,其他建材,中小板,20080123
658,002206.SZ,002206,海利得,浙江,化纤,中小板,20080123
659,002207.SZ,002207,准油股份,新疆,石油开采,中小板,20080128
660,002208.SZ,002208,合肥城建,安徽,区域地产,中小板,20080128
661,002209.SZ,002209,达意隆,广东,轻工机械,中小板,20080130
662,002210.SZ,002210,*ST飞马,深圳,仓储物流,中小板,20080130
663,002211.SZ,002211,宏达新材,上海,橡胶,中小板,20080201
664,002212.SZ,002212,天融信,广东,电气设备,中小板,20080201
665,002213.SZ,002213,大为股份,深圳,汽车配件,中小板,20080201
666,002214.SZ,002214,大立科技,浙江,电器仪表,中小板,20080218
667,002215.SZ,002215,诺普信,深圳,农药化肥,中小板,20080218
668,002216.SZ,002216,三全食品,河南,食品,中小板,20080220
669,002217.SZ,002217,合力泰,福建,元器件,中小板,20080220
670,002218.SZ,002218,拓日新能,深圳,电气设备,中小板,20080228
671,002219.SZ,002219,*ST恒康,甘肃,中成药,中小板,20080306
672,002221.SZ,002221,东华能源,江苏,石油贸易,中小板,20080306
673,002222.SZ,002222,福晶科技,福建,元器件,中小板,20080319
674,002223.SZ,002223,鱼跃医疗,江苏,医疗保健,中小板,20080418
675,002224.SZ,002224,三力士,浙江,橡胶,中小板,20080425
676,002225.SZ,002225,濮耐股份,河南,其他建材,中小板,20080425
677,002226.SZ,002226,江南化工,安徽,化工原料,中小板,20080506
678,002227.SZ,002227,奥特迅,深圳,电气设备,中小板,20080506
679,002228.SZ,002228,合兴包装,福建,广告包装,中小板,20080508
680,002229.SZ,002229,鸿博股份,福建,广告包装,中小板,20080508
681,002230.SZ,002230,科大讯飞,安徽,软件服务,中小板,20080512
682,002231.SZ,002231,奥维通信,辽宁,通信设备,中小板,20080512
683,002232.SZ,002232,启明信息,吉林,软件服务,中小板,20080509
684,002233.SZ,002233,塔牌集团,广东,水泥,中小板,20080516
685,002234.SZ,002234,民和股份,山东,农业综合,中小板,20080516
686,002235.SZ,002235,安妮股份,福建,互联网,中小板,20080516
687,002236.SZ,002236,大华股份,浙江,电器仪表,中小板,20080520
688,002237.SZ,002237,恒邦股份,山东,黄金,中小板,20080520
689,002238.SZ,002238,天威视讯,深圳,影视音像,中小板,20080526
690,002239.SZ,002239,奥特佳,江苏,汽车配件,中小板,20080522
691,002240.SZ,002240,盛新锂能,深圳,家居用品,中小板,20080523
692,002241.SZ,002241,歌尔股份,山东,元器件,中小板,20080522
693,002242.SZ,002242,九阳股份,山东,家用电器,中小板,20080528
694,002243.SZ,002243,通产丽星,深圳,塑料,中小板,20080528
695,002244.SZ,002244,滨江集团,浙江,区域地产,中小板,20080529
696,002245.SZ,002245,蔚蓝锂芯,江苏,仓储物流,中小板,20080605
697,002246.SZ,002246,北化股份,四川,化工原料,中小板,20080605
698,002247.SZ,002247,*ST聚力,浙江,互联网,中小板,20080612
699,002248.SZ,002248,华东数控,山东,机床制造,中小板,20080612
700,002249.SZ,002249,大洋电机,广东,电气设备,中小板,20080619
701,002250.SZ,002250,联化科技,浙江,化工原料,中小板,20080619
702,002251.SZ,002251,步步高,湖南,超市连锁,中小板,20080619
703,002252.SZ,002252,上海莱士,上海,生物制药,中小板,20080623
704,002253.SZ,002253,川大智胜,四川,软件服务,中小板,20080623
705,002254.SZ,002254,泰和新材,山东,化纤,中小板,20080625
706,002255.SZ,002255,*ST海陆,江苏,专用机械,中小板,20080625
707,002256.SZ,002256,*ST兆新,深圳,新型电力,中小板,20080625
708,002258.SZ,002258,利尔化学,四川,农药化肥,中小板,20080708
709,002259.SZ,002259,*ST升达,四川,供气供热,中小板,20080716
710,002261.SZ,002261,拓维信息,湖南,互联网,中小板,20080723
711,002262.SZ,002262,恩华药业,江苏,化学制药,中小板,20080723
712,002263.SZ,002263,大东南,浙江,塑料,中小板,20080728
713,002264.SZ,002264,新华都,福建,超市连锁,中小板,20080731
714,002265.SZ,002265,西仪股份,云南,汽车配件,中小板,20080806
715,002266.SZ,002266,浙富控股,浙江,环境保护,中小板,20080806
716,002267.SZ,002267,陕天然气,陕西,供气供热,中小板,20080813
717,002268.SZ,002268,卫士通,四川,软件服务,中小板,20080811
718,002269.SZ,002269,美邦服饰,上海,服饰,中小板,20080828
719,002270.SZ,002270,华明装备,山东,电气设备,中小板,20080905
720,002271.SZ,002271,东方雨虹,北京,其他建材,中小板,20080910
721,002272.SZ,002272,川润股份,四川,机械基件,中小板,20080919
722,002273.SZ,002273,水晶光电,浙江,元器件,中小板,20080919
723,002274.SZ,002274,华昌化工,江苏,农药化肥,中小板,20080925
724,002275.SZ,002275,桂林三金,广西,中成药,中小板,20090710
725,002276.SZ,002276,万马股份,浙江,电气设备,中小板,20090710
726,002277.SZ,002277,友阿股份,湖南,百货,中小板,20090717
727,002278.SZ,002278,神开股份,上海,化工机械,中小板,20090811
728,002279.SZ,002279,久其软件,北京,软件服务,中小板,20090811
729,002280.SZ,002280,*ST联络,浙江,软件服务,中小板,20090821
730,002281.SZ,002281,光迅科技,湖北,通信设备,中小板,20090821
731,002282.SZ,002282,博深股份,河北,轻工机械,中小板,20090821
732,002283.SZ,002283,天润工业,山东,汽车配件,中小板,20090821
733,002284.SZ,002284,亚太股份,浙江,汽车配件,中小板,20090828
734,002285.SZ,002285,世联行,深圳,房产服务,中小板,20090828
735,002286.SZ,002286,保龄宝,山东,食品,中小板,20090828
736,002287.SZ,002287,奇正藏药,西藏,中成药,中小板,20090828
737,002288.SZ,002288,超华科技,广东,元器件,中小板,20090903
738,002289.SZ,002289,ST宇顺,深圳,元器件,中小板,20090903
739,002290.SZ,002290,ST禾盛,江苏,家用电器,中小板,20090903
740,002291.SZ,002291,星期六,广东,服饰,中小板,20090903
741,002292.SZ,002292,奥飞娱乐,广东,影视音像,中小板,20090910
742,002293.SZ,002293,罗莱生活,江苏,纺织,中小板,20090910
743,002294.SZ,002294,信立泰,深圳,化学制药,中小板,20090910
744,002295.SZ,002295,精艺股份,广东,铜,中小板,20090929
745,002296.SZ,002296,辉煌科技,河南,通信设备,中小板,20090929
746,002297.SZ,002297,博云新材,湖南,矿物制品,中小板,20090929
747,002298.SZ,002298,中电兴发,安徽,软件服务,中小板,20090929
748,002299.SZ,002299,圣农发展,福建,农业综合,中小板,20091021
749,002300.SZ,002300,太阳电缆,福建,电气设备,中小板,20091021
750,002301.SZ,002301,齐心集团,深圳,文教休闲,中小板,20091021
751,002302.SZ,002302,西部建设,新疆,水泥,中小板,20091103
752,002303.SZ,002303,美盈森,深圳,造纸,中小板,20091103
753,002304.SZ,002304,洋河股份,江苏,白酒,中小板,20091106
754,002305.SZ,002305,南国置业,湖北,区域地产,中小板,20091106
755,002306.SZ,002306,ST云网,北京,酒店餐饮,中小板,20091111
756,002307.SZ,002307,北新路桥,新疆,建筑工程,中小板,20091111
757,002308.SZ,002308,威创股份,广东,IT设备,中小板,20091127
758,002309.SZ,002309,中利集团,江苏,电气设备,中小板,20091127
759,002310.SZ,002310,东方园林,北京,建筑工程,中小板,20091127
760,002311.SZ,002311,海大集团,广东,饲料,中小板,20091127
761,002312.SZ,002312,三泰控股,四川,化工原料,中小板,20091203
762,002313.SZ,002313,日海智能,深圳,通信设备,中小板,20091203
763,002314.SZ,002314,南山控股,深圳,区域地产,中小板,20091203
764,002315.SZ,002315,焦点科技,江苏,互联网,中小板,20091209
765,002316.SZ,002316,亚联发展,深圳,软件服务,中小板,20091209
766,002317.SZ,002317,众生药业,广东,中成药,中小板,20091211
767,002318.SZ,002318,久立特材,浙江,特种钢,中小板,20091211
768,002319.SZ,002319,*ST乐通,广东,染料涂料,中小板,20091211
769,002320.SZ,002320,海峡股份,海南,水运,中小板,20091216
770,002321.SZ,002321,华英农业,河南,农业综合,中小板,20091216
771,002322.SZ,002322,理工环科,浙江,软件服务,中小板,20091218
772,002323.SZ,002323,*ST雅博,山东,建筑工程,中小板,20091218
773,002324.SZ,002324,普利特,上海,塑料,中小板,20091218
774,002325.SZ,002325,洪涛股份,深圳,装修装饰,中小板,20091222
775,002326.SZ,002326,永太科技,浙江,化工原料,中小板,20091222
776,002327.SZ,002327,富安娜,深圳,纺织,中小板,20091230
777,002328.SZ,002328,新朋股份,上海,汽车配件,中小板,20091230
778,002329.SZ,002329,皇氏集团,广西,乳制品,中小板,20100106
779,002330.SZ,002330,得利斯,山东,食品,中小板,20100106
780,002331.SZ,002331,皖通科技,安徽,软件服务,中小板,20100106
781,002332.SZ,002332,仙琚制药,浙江,生物制药,中小板,20100112
782,002333.SZ,002333,ST罗普,江苏,铝,中小板,20100112
783,002334.SZ,002334,英威腾,深圳,电气设备,中小板,20100113
784,002335.SZ,002335,科华恒盛,福建,电气设备,中小板,20100113
785,002336.SZ,002336,ST人乐,深圳,超市连锁,中小板,20100113
786,002337.SZ,002337,赛象科技,天津,化工机械,中小板,20100115
787,002338.SZ,002338,奥普光电,吉林,电器仪表,中小板,20100115
788,002339.SZ,002339,积成电子,山东,电气设备,中小板,20100122
789,002340.SZ,002340,格林美,深圳,小金属,中小板,20100122
790,002341.SZ,002341,新纶科技,深圳,化工原料,中小板,20100122
791,002342.SZ,002342,巨力索具,河北,机械基件,中小板,20100126
792,002343.SZ,002343,慈文传媒,浙江,影视音像,中小板,20100126
793,002344.SZ,002344,海宁皮城,浙江,商品城,中小板,20100126
794,002345.SZ,002345,潮宏基,广东,服饰,中小板,20100128
795,002346.SZ,002346,柘中股份,上海,电气设备,中小板,20100128
796,002347.SZ,002347,泰尔股份,安徽,机械基件,中小板,20100128
797,002348.SZ,002348,高乐股份,广东,文教休闲,中小板,20100203
798,002349.SZ,002349,精华制药,江苏,中成药,中小板,20100203
799,002350.SZ,002350,北京科锐,北京,电气设备,中小板,20100203
800,002351.SZ,002351,漫步者,深圳,IT设备,中小板,20100205
801,002352.SZ,002352,顺丰控股,深圳,仓储物流,中小板,20100205
802,002353.SZ,002353,杰瑞股份,山东,化工机械,中小板,20100205
803,002354.SZ,002354,*ST天娱,辽宁,互联网,中小板,20100209
804,002355.SZ,002355,兴民智通,山东,汽车配件,中小板,20100209
805,002356.SZ,002356,*ST赫美,深圳,其他商业,中小板,20100209
806,002357.SZ,002357,富临运业,四川,公路,中小板,20100210
807,002358.SZ,002358,森源电气,河南,电气设备,中小板,20100210
808,002360.SZ,002360,同德化工,山西,化工原料,中小板,20100303
809,002361.SZ,002361,神剑股份,安徽,化工原料,中小板,20100303
810,002362.SZ,002362,汉王科技,北京,软件服务,中小板,20100303
811,002363.SZ,002363,隆基机械,山东,汽车配件,中小板,20100305
812,002364.SZ,002364,中恒电气,浙江,电气设备,中小板,20100305
813,002365.SZ,002365,永安药业,湖北,化学制药,中小板,20100305
814,002366.SZ,002366,台海核电,四川,专用机械,中小板,20100312
815,002367.SZ,002367,康力电梯,江苏,运输设备,中小板,20100312
816,002368.SZ,002368,太极股份,北京,软件服务,中小板,20100312
817,002369.SZ,002369,卓翼科技,深圳,通信设备,中小板,20100316
818,002370.SZ,002370,亚太药业,浙江,化学制药,中小板,20100316
819,002371.SZ,002371,北方华创,北京,半导体,中小板,20100316
820,002372.SZ,002372,伟星新材,浙江,其他建材,中小板,20100318
821,002373.SZ,002373,千方科技,北京,软件服务,中小板,20100318
822,002374.SZ,002374,丽鹏股份,山东,建筑工程,中小板,20100318
823,002375.SZ,002375,亚厦股份,浙江,装修装饰,中小板,20100323
824,002376.SZ,002376,新北洋,山东,IT设备,中小板,20100323
825,002377.SZ,002377,国创高新,湖北,房产服务,中小板,20100323
826,002378.SZ,002378,章源钨业,江西,小金属,中小板,20100331
827,002379.SZ,002379,宏创控股,山东,铝,中小板,20100331
828,002380.SZ,002380,科远智慧,江苏,电气设备,中小板,20100331
829,002381.SZ,002381,双箭股份,浙江,橡胶,中小板,20100402
830,002382.SZ,002382,蓝帆医疗,山东,医疗保健,中小板,20100402
831,002383.SZ,002383,合众思壮,北京,通信设备,中小板,20100402
832,002384.SZ,002384,东山精密,江苏,元器件,中小板,20100409
833,002385.SZ,002385,大北农,北京,饲料,中小板,20100409
834,002386.SZ,002386,天原集团,四川,化工原料,中小板,20100409
835,002387.SZ,002387,维信诺,广东,元器件,中小板,20100413
836,002388.SZ,002388,新亚制程,深圳,元器件,中小板,20100413
837,002389.SZ,002389,航天彩虹,浙江,元器件,中小板,20100413
838,002390.SZ,002390,信邦制药,贵州,中成药,中小板,20100416
839,002391.SZ,002391,长青股份,江苏,农药化肥,中小板,20100416
840,002392.SZ,002392,北京利尔,北京,其他建材,中小板,20100423
841,002393.SZ,002393,力生制药,天津,化学制药,中小板,20100423
842,002394.SZ,002394,联发股份,江苏,纺织,中小板,20100423
843,002395.SZ,002395,双象股份,江苏,塑料,中小板,20100429
844,002396.SZ,002396,星网锐捷,福建,通信设备,中小板,20100623
845,002397.SZ,002397,梦洁股份,湖南,纺织,中小板,20100429
846,002398.SZ,002398,垒知集团,福建,其他建材,中小板,20100506
847,002399.SZ,002399,海普瑞,深圳,化学制药,中小板,20100506
848,002400.SZ,002400,省广集团,广东,广告包装,中小板,20100506
849,002401.SZ,002401,中远海科,上海,软件服务,中小板,20100506
850,002402.SZ,002402,和而泰,深圳,元器件,中小板,20100511
851,002403.SZ,002403,爱仕达,浙江,家用电器,中小板,20100511
852,002404.SZ,002404,嘉欣丝绸,浙江,纺织,中小板,20100511
853,002405.SZ,002405,四维图新,北京,软件服务,中小板,20100518
854,002406.SZ,002406,远东传动,河南,汽车配件,中小板,20100518
855,002407.SZ,002407,多氟多,河南,化工原料,中小板,20100518
856,002408.SZ,002408,齐翔腾达,山东,化工原料,中小板,20100518
857,002409.SZ,002409,雅克科技,江苏,化工原料,中小板,20100525
858,002410.SZ,002410,广联达,北京,软件服务,中小板,20100525
859,002411.SZ,002411,延安必康,陕西,化学制药,中小板,20100525
860,002412.SZ,002412,汉森制药,湖南,中成药,中小板,20100525
861,002413.SZ,002413,雷科防务,江苏,通信设备,中小板,20100528
862,002414.SZ,002414,高德红外,湖北,电器仪表,中小板,20100716
863,002415.SZ,002415,海康威视,浙江,电器仪表,中小板,20100528
864,002416.SZ,002416,爱施德,深圳,电器连锁,中小板,20100528
865,002417.SZ,002417,深南股份,江苏,软件服务,中小板,20100601
866,002418.SZ,002418,*ST康盛,浙江,机械基件,中小板,20100601
867,002419.SZ,002419,天虹股份,深圳,百货,中小板,20100601
868,002420.SZ,002420,ST毅昌,广东,塑料,中小板,20100601
869,002421.SZ,002421,达实智能,深圳,软件服务,中小板,20100603
870,002422.SZ,002422,科伦药业,四川,化学制药,中小板,20100603
871,002423.SZ,002423,中粮资本,河南,多元金融,中小板,20100603
872,002424.SZ,002424,贵州百灵,贵州,中成药,中小板,20100603
873,002425.SZ,002425,凯撒文化,广东,互联网,中小板,20100608
874,002426.SZ,002426,*ST胜利,江苏,元器件,中小板,20100608
875,002427.SZ,002427,ST尤夫,浙江,化纤,中小板,20100608
876,002428.SZ,002428,云南锗业,云南,小金属,中小板,20100608
877,002429.SZ,002429,兆驰股份,深圳,家用电器,中小板,20100610
878,002430.SZ,002430,杭氧股份,浙江,化工机械,中小板,20100610
879,002431.SZ,002431,棕榈股份,广东,建筑工程,中小板,20100610
880,002432.SZ,002432,九安医疗,天津,医疗保健,中小板,20100610
881,002433.SZ,002433,太安堂,广东,中成药,中小板,20100618
882,002434.SZ,002434,万里扬,浙江,汽车配件,中小板,20100618
883,002435.SZ,002435,长江健康,江苏,化学制药,中小板,20100618
884,002436.SZ,002436,兴森科技,深圳,元器件,中小板,20100618
885,002437.SZ,002437,誉衡药业,黑龙江,化学制药,中小板,20100623
886,002438.SZ,002438,江苏神通,江苏,机械基件,中小板,20100623
887,002439.SZ,002439,启明星辰,北京,软件服务,中小板,20100623
888,002440.SZ,002440,闰土股份,浙江,染料涂料,中小板,20100706
889,002441.SZ,002441,众业达,广东,批发业,中小板,20100706
890,002442.SZ,002442,龙星化工,河北,化工原料,中小板,20100706
891,002443.SZ,002443,金洲管道,浙江,钢加工,中小板,20100706
892,002444.SZ,002444,巨星科技,浙江,轻工机械,中小板,20100713
893,002445.SZ,002445,*ST中南,江苏,影视音像,中小板,20100713
894,002446.SZ,002446,盛路通信,广东,通信设备,中小板,20100713
895,002447.SZ,002447,*ST晨鑫,辽宁,互联网,中小板,20100713
896,002448.SZ,002448,中原内配,河南,汽车配件,中小板,20100716
897,002449.SZ,002449,国星光电,广东,半导体,中小板,20100716
898,002451.SZ,002451,摩恩电气,上海,电气设备,中小板,20100720
899,002452.SZ,002452,长高集团,湖南,电气设备,中小板,20100720
900,002453.SZ,002453,华软科技,江苏,软件服务,中小板,20100720
901,002454.SZ,002454,松芝股份,上海,汽车配件,中小板,20100720
902,002455.SZ,002455,百川股份,江苏,化工原料,中小板,20100803
903,002456.SZ,002456,欧菲光,深圳,元器件,中小板,20100803
904,002457.SZ,002457,青龙管业,宁夏,塑料,中小板,20100803
905,002458.SZ,002458,益生股份,山东,农业综合,中小板,20100810
906,002459.SZ,002459,晶澳科技,河北,电气设备,中小板,20100810
907,002460.SZ,002460,赣锋锂业,江西,小金属,中小板,20100810
908,002461.SZ,002461,珠江啤酒,广东,啤酒,中小板,20100818
909,002462.SZ,002462,嘉事堂,北京,医药商业,中小板,20100818
910,002463.SZ,002463,沪电股份,江苏,元器件,中小板,20100818
911,002464.SZ,002464,众应互联,江苏,互联网,中小板,20100831
912,002465.SZ,002465,海格通信,广东,通信设备,中小板,20100831
913,002466.SZ,002466,天齐锂业,四川,小金属,中小板,20100831
914,002467.SZ,002467,二六三,北京,电信运营,中小板,20100908
915,002468.SZ,002468,申通快递,浙江,仓储物流,中小板,20100908
916,002469.SZ,002469,三维工程,山东,建筑工程,中小板,20100908
917,002470.SZ,002470,*ST金正,山东,农药化肥,中小板,20100908
918,002471.SZ,002471,中超控股,江苏,电气设备,中小板,20100910
919,002472.SZ,002472,双环传动,浙江,机械基件,中小板,20100910
920,002473.SZ,002473,ST圣莱,浙江,家用电器,中小板,20100910
921,002474.SZ,002474,榕基软件,福建,软件服务,中小板,20100915
922,002475.SZ,002475,立讯精密,深圳,元器件,中小板,20100915
923,002476.SZ,002476,宝莫股份,山东,化工原料,中小板,20100915
924,002478.SZ,002478,常宝股份,江苏,钢加工,中小板,20100921
925,002479.SZ,002479,富春环保,浙江,火力发电,中小板,20100921
926,002480.SZ,002480,新筑股份,四川,机械基件,中小板,20100921
927,002481.SZ,002481,双塔食品,山东,食品,中小板,20100921
928,002482.SZ,002482,广田集团,深圳,装修装饰,中小板,20100929
929,002483.SZ,002483,润邦股份,江苏,工程机械,中小板,20100929
930,002484.SZ,002484,江海股份,江苏,元器件,中小板,20100929
931,002485.SZ,002485,希努尔,山东,服饰,中小板,20101015
932,002486.SZ,002486,嘉麟杰,上海,服饰,中小板,20101015
933,002487.SZ,002487,大金重工,辽宁,钢加工,中小板,20101015
934,002488.SZ,002488,金固股份,浙江,汽车配件,中小板,20101021
935,002489.SZ,002489,浙江永强,浙江,家居用品,中小板,20101021
936,002490.SZ,002490,山东墨龙,山东,化工机械,中小板,20101021
937,002491.SZ,002491,通鼎互联,江苏,通信设备,中小板,20101021
938,002492.SZ,002492,恒基达鑫,广东,仓储物流,中小板,20101102
939,002493.SZ,002493,荣盛石化,浙江,化纤,中小板,20101102
940,002494.SZ,002494,华斯股份,河北,服饰,中小板,20101102
941,002495.SZ,002495,佳隆股份,广东,食品,中小板,20101102
942,002496.SZ,002496,*ST辉丰,江苏,农药化肥,中小板,20101109
943,002497.SZ,002497,雅化集团,四川,化工原料,中小板,20101109
944,002498.SZ,002498,汉缆股份,山东,电气设备,中小板,20101109
945,002499.SZ,002499,*ST科林,江苏,环境保护,中小板,20101109
946,002500.SZ,002500,山西证券,山西,证券,中小板,20101115
947,002501.SZ,002501,*ST利源,吉林,铝,中小板,20101117
948,002502.SZ,002502,*ST鼎龙,广东,影视音像,中小板,20101117
949,002503.SZ,002503,搜于特,广东,服饰,中小板,20101117
950,002504.SZ,002504,弘高创意,北京,装修装饰,中小板,20101118
951,002505.SZ,002505,大康农业,湖南,农业综合,中小板,20101118
952,002506.SZ,002506,协鑫集成,上海,电气设备,中小板,20101118
953,002507.SZ,002507,涪陵榨菜,重庆,食品,中小板,20101123
954,002508.SZ,002508,老板电器,浙江,家用电器,中小板,20101123
955,002510.SZ,002510,天汽模,天津,汽车配件,中小板,20101125
956,002511.SZ,002511,中顺洁柔,广东,造纸,中小板,20101125
957,002512.SZ,002512,达华智能,福建,元器件,中小板,20101203
958,002513.SZ,002513,*ST蓝丰,江苏,农药化肥,中小板,20101203
959,002514.SZ,002514,宝馨科技,江苏,机械基件,中小板,20101203
960,002515.SZ,002515,金字火腿,浙江,食品,中小板,20101203
961,002516.SZ,002516,旷达科技,江苏,纺织,中小板,20101207
962,002517.SZ,002517,恺英网络,福建,互联网,中小板,20101207
963,002518.SZ,002518,科士达,深圳,电气设备,中小板,20101207
964,002519.SZ,002519,银河电子,江苏,通信设备,中小板,20101207
965,002520.SZ,002520,日发精机,浙江,机床制造,中小板,20101210
966,002521.SZ,002521,齐峰新材,山东,造纸,中小板,20101210
967,002522.SZ,002522,浙江众成,浙江,塑料,中小板,20101210
968,002523.SZ,002523,天桥起重,湖南,工程机械,中小板,20101210
969,002524.SZ,002524,光正眼科,新疆,医疗保健,中小板,20101217
970,002526.SZ,002526,山东矿机,山东,工程机械,中小板,20101217
971,002527.SZ,002527,新时达,上海,电器仪表,中小板,20101224
972,002528.SZ,002528,英飞拓,深圳,IT设备,中小板,20101224
973,002529.SZ,002529,*ST海源,福建,专用机械,中小板,20101224
974,002530.SZ,002530,金财互联,江苏,软件服务,中小板,20101231
975,002531.SZ,002531,天顺风能,江苏,电气设备,中小板,20101231
976,002532.SZ,002532,天山铝业,浙江,铝,中小板,20101231
977,002533.SZ,002533,金杯电工,湖南,电气设备,中小板,20101231
978,002534.SZ,002534,杭锅股份,浙江,专用机械,中小板,20110110
979,002535.SZ,002535,*ST林重,河南,工程机械,中小板,20110111
980,002536.SZ,002536,飞龙股份,河南,汽车配件,中小板,20110111
981,002537.SZ,002537,海联金汇,山东,汽车整车,中小板,20110110
982,002538.SZ,002538,司尔特,安徽,农药化肥,中小板,20110118
983,002539.SZ,002539,云图控股,四川,农药化肥,中小板,20110118
984,002540.SZ,002540,亚太科技,江苏,铝,中小板,20110118
985,002541.SZ,002541,鸿路钢构,安徽,钢加工,中小板,20110118
986,002542.SZ,002542,中化岩土,北京,建筑工程,中小板,20110128
987,002543.SZ,002543,万和电气,广东,家用电器,中小板,20110128
988,002544.SZ,002544,杰赛科技,广东,软件服务,中小板,20110128
989,002545.SZ,002545,东方铁塔,山东,农药化肥,中小板,20110211
990,002546.SZ,002546,新联电子,江苏,电气设备,中小板,20110211
991,002547.SZ,002547,春兴精工,江苏,通信设备,中小板,20110218
992,002548.SZ,002548,金新农,深圳,饲料,中小板,20110218
993,002549.SZ,002549,凯美特气,湖南,环境保护,中小板,20110218
994,002550.SZ,002550,千红制药,江苏,生物制药,中小板,20110218
995,002551.SZ,002551,尚荣医疗,深圳,医疗保健,中小板,20110225
996,002552.SZ,002552,宝鼎科技,浙江,机械基件,中小板,20110225
997,002553.SZ,002553,南方轴承,江苏,汽车配件,中小板,20110225
998,002554.SZ,002554,惠博普,湖南,石油开采,中小板,20110225
999,002555.SZ,002555,三七互娱,安徽,互联网,中小板,20110302
1000,002556.SZ,002556,辉隆股份,安徽,其他商业,中小板,20110302
1001,002557.SZ,002557,洽洽食品,安徽,食品,中小板,20110302
1002,002558.SZ,002558,巨人网络,重庆,互联网,中小板,20110302
1003,002559.SZ,002559,亚威股份,江苏,机床制造,中小板,20110303
1004,002560.SZ,002560,通达股份,河南,电气设备,中小板,20110303
1005,002561.SZ,002561,徐家汇,上海,百货,中小板,20110303
1006,002562.SZ,002562,兄弟科技,浙江,化学制药,中小板,20110310
1007,002563.SZ,002563,森马服饰,浙江,服饰,中小板,20110311
1008,002564.SZ,002564,天沃科技,江苏,建筑工程,中小板,20110310
1009,002565.SZ,002565,顺灏股份,上海,造纸,中小板,20110318
1010,002566.SZ,002566,益盛药业,吉林,中成药,中小板,20110318
1011,002567.SZ,002567,唐人神,湖南,饲料,中小板,20110325
1012,002568.SZ,002568,百润股份,上海,红黄酒,中小板,20110325
1013,002569.SZ,002569,ST步森,浙江,服饰,中小板,20110412
1014,002570.SZ,002570,贝因美,浙江,乳制品,中小板,20110412
1015,002571.SZ,002571,德力股份,安徽,玻璃,中小板,20110412
1016,002572.SZ,002572,索菲亚,广东,家居用品,中小板,20110412
1017,002573.SZ,002573,清新环境,北京,环境保护,中小板,20110422
1018,002574.SZ,002574,明牌珠宝,浙江,服饰,中小板,20110422
1019,002575.SZ,002575,*ST群兴,广东,文教休闲,中小板,20110422
1020,002576.SZ,002576,通达动力,江苏,电气设备,中小板,20110428
1021,002577.SZ,002577,雷柏科技,深圳,IT设备,中小板,20110428
1022,002578.SZ,002578,闽发铝业,福建,铝,中小板,20110428
1023,002579.SZ,002579,中京电子,广东,元器件,中小板,20110506
1024,002580.SZ,002580,圣阳股份,山东,电气设备,中小板,20110506
1025,002581.SZ,002581,未名医药,山东,生物制药,中小板,20110520
1026,002582.SZ,002582,好想你,河南,食品,中小板,20110520
1027,002583.SZ,002583,海能达,深圳,通信设备,中小板,20110527
1028,002584.SZ,002584,西陇科学,广东,化工原料,中小板,20110602
1029,002585.SZ,002585,双星新材,江苏,塑料,中小板,20110602
1030,002586.SZ,002586,*ST围海,浙江,建筑工程,中小板,20110602
1031,002587.SZ,002587,奥拓电子,深圳,元器件,中小板,20110610
1032,002588.SZ,002588,史丹利,山东,农药化肥,中小板,20110610
1033,002589.SZ,002589,瑞康医药,山东,医药商业,中小板,20110610
1034,002590.SZ,002590,万安科技,浙江,汽车配件,中小板,20110610
1035,002591.SZ,002591,恒大高新,江西,化工原料,中小板,20110621
1036,002592.SZ,002592,ST八菱,广西,汽车配件,中小板,20111111
1037,002593.SZ,002593,日上集团,福建,汽车配件,中小板,20110628
1038,002594.SZ,002594,比亚迪,深圳,汽车整车,中小板,20110630
1039,002595.SZ,002595,豪迈科技,山东,专用机械,中小板,20110628
1040,002596.SZ,002596,海南瑞泽,海南,其他建材,中小板,20110707
1041,002597.SZ,002597,金禾实业,安徽,食品,中小板,20110707
1042,002598.SZ,002598,山东章鼓,山东,机械基件,中小板,20110707
1043,002599.SZ,002599,盛通股份,北京,广告包装,中小板,20110715
1044,002600.SZ,002600,领益智造,广东,元器件,中小板,20110715
1045,002601.SZ,002601,龙蟒佰利,河南,化工原料,中小板,20110715
1046,002602.SZ,002602,世纪华通,浙江,互联网,中小板,20110728
1047,002603.SZ,002603,以岭药业,河北,中成药,中小板,20110728
1048,002605.SZ,002605,姚记科技,上海,互联网,中小板,20110805
1049,002606.SZ,002606,大连电瓷,辽宁,电气设备,中小板,20110805
1050,002607.SZ,002607,中公教育,安徽,文教休闲,中小板,20110810
1051,002608.SZ,002608,江苏国信,江苏,火力发电,中小板,20110810
1052,002609.SZ,002609,捷顺科技,深圳,软件服务,中小板,20110815
1053,002610.SZ,002610,爱康科技,江苏,电气设备,中小板,20110815
1054,002611.SZ,002611,东方精工,广东,轻工机械,中小板,20110830
1055,002612.SZ,002612,朗姿股份,北京,服饰,中小板,20110830
1056,002613.SZ,002613,北玻股份,河南,专用机械,中小板,20110830
1057,002614.SZ,002614,奥佳华,福建,医疗保健,中小板,20110909
1058,002615.SZ,002615,哈尔斯,浙江,家居用品,中小板,20110909
1059,002616.SZ,002616,长青集团,广东,环境保护,中小板,20110920
1060,002617.SZ,002617,露笑科技,浙江,电气设备,中小板,20110920
1061,002618.SZ,002618,丹邦科技,深圳,元器件,中小板,20110920
1062,002619.SZ,002619,艾格拉斯,浙江,互联网,中小板,20110929
1063,002620.SZ,002620,瑞和股份,深圳,装修装饰,中小板,20110929
1064,002621.SZ,002621,美吉姆,辽宁,文教休闲,中小板,20110929
1065,002622.SZ,002622,融钰集团,吉林,综合类,中小板,20111018
1066,002623.SZ,002623,亚玛顿,江苏,玻璃,中小板,20111013
1067,002624.SZ,002624,完美世界,浙江,影视音像,中小板,20111028
1068,002625.SZ,002625,光启技术,深圳,汽车配件,中小板,20111103
1069,002626.SZ,002626,金达威,福建,食品,中小板,20111028
1070,002627.SZ,002627,宜昌交运,湖北,公共交通,中小板,20111103
1071,002628.SZ,002628,成都路桥,四川,建筑工程,中小板,20111103
1072,002629.SZ,002629,ST仁智,浙江,石油开采,中小板,20111103
1073,002630.SZ,002630,华西能源,四川,专用机械,中小板,20111111
1074,002631.SZ,002631,德尔未来,江苏,家居用品,中小板,20111111
1075,002632.SZ,002632,道明光学,浙江,化工原料,中小板,20111122
1076,002633.SZ,002633,申科股份,浙江,机械基件,中小板,20111122
1077,002634.SZ,002634,棒杰股份,浙江,服饰,中小板,20111205
1078,002635.SZ,002635,安洁科技,江苏,IT设备,中小板,20111125
1079,002636.SZ,002636,金安国纪,上海,元器件,中小板,20111125
1080,002637.SZ,002637,赞宇科技,浙江,日用化工,中小板,20111125
1081,002638.SZ,002638,*ST勤上,广东,文教休闲,中小板,20111125
1082,002639.SZ,002639,雪人股份,福建,专用机械,中小板,20111205
1083,002640.SZ,002640,跨境通,山西,互联网,中小板,20111208
1084,002641.SZ,002641,永高股份,浙江,塑料,中小板,20111208
1085,002642.SZ,002642,荣联科技,北京,软件服务,中小板,20111220
1086,002643.SZ,002643,万润股份,山东,化工原料,中小板,20111220
1087,002644.SZ,002644,佛慈制药,甘肃,中成药,中小板,20111222
1088,002645.SZ,002645,华宏科技,江苏,专用机械,中小板,20111220
1089,002646.SZ,002646,青青稞酒,青海,白酒,中小板,20111222
1090,002647.SZ,002647,仁东控股,浙江,多元金融,中小板,20111228
1091,002648.SZ,002648,卫星石化,浙江,化工原料,中小板,20111228
1092,002649.SZ,002649,博彦科技,北京,软件服务,中小板,20120106
1093,002650.SZ,002650,ST加加,湖南,食品,中小板,20120106
1094,002651.SZ,002651,利君股份,四川,专用机械,中小板,20120106
1095,002652.SZ,002652,扬子新材,江苏,其他建材,中小板,20120119
1096,002653.SZ,002653,海思科,西藏,化学制药,中小板,20120117
1097,002654.SZ,002654,万润科技,深圳,互联网,中小板,20120217
1098,002655.SZ,002655,共达电声,山东,元器件,中小板,20120217
1099,002656.SZ,002656,ST摩登,广东,服饰,中小板,20120228
1100,002657.SZ,002657,中科金财,北京,软件服务,中小板,20120228
1101,002658.SZ,002658,雪迪龙,北京,环境保护,中小板,20120309
1102,002659.SZ,002659,凯文教育,北京,文教休闲,中小板,20120309
1103,002660.SZ,002660,茂硕电源,深圳,电气设备,中小板,20120316
1104,002661.SZ,002661,克明面业,湖南,食品,中小板,20120316
1105,002662.SZ,002662,京威股份,北京,汽车配件,中小板,20120309
1106,002663.SZ,002663,普邦股份,广东,建筑工程,中小板,20120316
1107,002664.SZ,002664,长鹰信质,浙江,汽车配件,中小板,20120316
1108,002665.SZ,002665,首航高科,甘肃,电气设备,中小板,20120327
1109,002666.SZ,002666,德联集团,广东,化工原料,中小板,20120327
1110,002667.SZ,002667,鞍重股份,辽宁,工程机械,中小板,20120329
1111,002668.SZ,002668,奥马电器,广东,家用电器,中小板,20120416
1112,002669.SZ,002669,康达新材,上海,化工原料,中小板,20120416
1113,002670.SZ,002670,国盛金控,广东,证券,中小板,20120416
1114,002671.SZ,002671,龙泉股份,山东,其他建材,中小板,20120426
1115,002672.SZ,002672,东江环保,深圳,环境保护,中小板,20120426
1116,002673.SZ,002673,西部证券,陕西,证券,中小板,20120503
1117,002674.SZ,002674,兴业科技,福建,纺织,中小板,20120507
1118,002675.SZ,002675,东诚药业,山东,化学制药,中小板,20120525
1119,002676.SZ,002676,顺威股份,广东,塑料,中小板,20120525
1120,002677.SZ,002677,浙江美大,浙江,家用电器,中小板,20120525
1121,002678.SZ,002678,珠江钢琴,广东,文教休闲,中小板,20120530
1122,002679.SZ,002679,福建金森,福建,林业,中小板,20120605
1123,002681.SZ,002681,*ST奋达,深圳,家用电器,中小板,20120605
1124,002682.SZ,002682,龙洲股份,福建,公路,中小板,20120612
1125,002683.SZ,002683,宏大爆破,广东,化工原料,中小板,20120612
1126,002684.SZ,002684,ST猛狮,河南,电气设备,中小板,20120612
1127,002685.SZ,002685,华东重机,江苏,工程机械,中小板,20120612
1128,002686.SZ,002686,亿利达,浙江,专用机械,中小板,20120703
1129,002687.SZ,002687,乔治白,浙江,服饰,中小板,20120713
1130,002688.SZ,002688,金河生物,内蒙,化学制药,中小板,20120713
1131,002689.SZ,002689,远大智能,辽宁,运输设备,中小板,20120717
1132,002690.SZ,002690,美亚光电,安徽,专用机械,中小板,20120731
1133,002691.SZ,002691,冀凯股份,河北,专用机械,中小板,20120731
1134,002692.SZ,002692,ST远程,江苏,电气设备,中小板,20120808
1135,002693.SZ,002693,双成药业,海南,化学制药,中小板,20120808
1136,002694.SZ,002694,顾地科技,湖北,塑料,中小板,20120816
1137,002695.SZ,002695,煌上煌,江西,食品,中小板,20120905
1138,002696.SZ,002696,百洋股份,广西,渔业,中小板,20120905
1139,002697.SZ,002697,红旗连锁,四川,超市连锁,中小板,20120905
1140,002698.SZ,002698,博实股份,黑龙江,化工机械,中小板,20120911
1141,002699.SZ,002699,美盛文化,浙江,服饰,中小板,20120911
1142,002700.SZ,002700,ST浩源,新疆,供气供热,中小板,20120921
1143,002701.SZ,002701,奥瑞金,北京,广告包装,中小板,20121011
1144,002702.SZ,002702,海欣食品,福建,食品,中小板,20121011
1145,002703.SZ,002703,浙江世宝,浙江,汽车配件,中小板,20121102
1146,002705.SZ,002705,新宝股份,广东,家用电器,中小板,20140121
1147,002706.SZ,002706,良信股份,上海,电气设备,中小板,20140121
1148,002707.SZ,002707,众信旅游,北京,旅游服务,中小板,20140123
1149,002708.SZ,002708,光洋股份,江苏,汽车配件,中小板,20140121
1150,002709.SZ,002709,天赐材料,广东,化工原料,中小板,20140123
1151,002712.SZ,002712,思美传媒,浙江,广告包装,中小板,20140123
1152,002713.SZ,002713,东易日盛,北京,装修装饰,中小板,20140219
1153,002714.SZ,002714,牧原股份,河南,农业综合,中小板,20140128
1154,002715.SZ,002715,登云股份,广东,汽车配件,中小板,20140219
1155,002716.SZ,002716,*ST金贵,湖南,小金属,中小板,20140128
1156,002717.SZ,002717,岭南股份,广东,环境保护,中小板,20140219
1157,002718.SZ,002718,友邦吊顶,浙江,家居用品,中小板,20140128
1158,002719.SZ,002719,*ST麦趣,新疆,乳制品,中小板,20140128
1159,002721.SZ,002721,金一文化,北京,服饰,中小板,20140127
1160,002722.SZ,002722,金轮股份,江苏,纺织机械,中小板,20140128
1161,002723.SZ,002723,金莱特,广东,家用电器,中小板,20140129
1162,002724.SZ,002724,海洋王,深圳,半导体,中小板,20141104
1163,002725.SZ,002725,跃岭股份,浙江,汽车配件,中小板,20140129
1164,002726.SZ,002726,龙大肉食,山东,食品,中小板,20140626
1165,002727.SZ,002727,一心堂,云南,医药商业,中小板,20140702
1166,002728.SZ,002728,特一药业,广东,中成药,中小板,20140731
1167,002729.SZ,002729,好利来,福建,元器件,中小板,20140912
1168,002730.SZ,002730,电光科技,浙江,电气设备,中小板,20141009
1169,002731.SZ,002731,萃华珠宝,辽宁,服饰,中小板,20141104
1170,002732.SZ,002732,燕塘乳业,广东,乳制品,中小板,20141205
1171,002733.SZ,002733,雄韬股份,深圳,电气设备,中小板,20141203
1172,002734.SZ,002734,利民股份,江苏,农药化肥,中小板,20150127
1173,002735.SZ,002735,王子新材,深圳,塑料,中小板,20141203
1174,002736.SZ,002736,国信证券,深圳,证券,中小板,20141229
1175,002737.SZ,002737,葵花药业,黑龙江,中成药,中小板,20141230
1176,002738.SZ,002738,中矿资源,北京,小金属,中小板,20141230
1177,002739.SZ,002739,万达电影,北京,影视音像,中小板,20150122
1178,002740.SZ,002740,爱迪尔,福建,服饰,中小板,20150122
1179,002741.SZ,002741,光华科技,广东,化工原料,中小板,20150216
1180,002742.SZ,002742,三圣股份,重庆,其他建材,中小板,20150217
1181,002743.SZ,002743,富煌钢构,安徽,钢加工,中小板,20150217
1182,002745.SZ,002745,木林森,广东,半导体,中小板,20150217
1183,002746.SZ,002746,仙坛股份,山东,农业综合,中小板,20150216
1184,002747.SZ,002747,埃斯顿,江苏,机械基件,中小板,20150320
1185,002748.SZ,002748,世龙实业,江西,化工原料,中小板,20150319
1186,002749.SZ,002749,国光股份,四川,农药化肥,中小板,20150320
1187,002750.SZ,002750,龙津药业,云南,中成药,中小板,20150324
1188,002751.SZ,002751,易尚展示,深圳,家居用品,中小板,20150424
1189,002752.SZ,002752,昇兴股份,福建,广告包装,中小板,20150422
1190,002753.SZ,002753,永东股份,山西,化工原料,中小板,20150519
1191,002755.SZ,002755,奥赛康,北京,化学制药,中小板,20150515
1192,002756.SZ,002756,永兴材料,浙江,特种钢,中小板,20150515
1193,002757.SZ,002757,南兴股份,广东,专用机械,中小板,20150527
1194,002758.SZ,002758,华通医药,浙江,医药商业,中小板,20150527
1195,002759.SZ,002759,天际股份,广东,家用电器,中小板,20150528
1196,002760.SZ,002760,凤形股份,安徽,机械基件,中小板,20150611
1197,002761.SZ,002761,多喜爱,湖南,建筑工程,中小板,20150610
1198,002762.SZ,002762,金发拉比,广东,服饰,中小板,20150610
1199,002763.SZ,002763,汇洁股份,深圳,服饰,中小板,20150610
1200,002765.SZ,002765,蓝黛科技,重庆,汽车配件,中小板,20150612
1201,002766.SZ,002766,ST索菱,深圳,汽车配件,中小板,20150611
1202,002767.SZ,002767,先锋电子,浙江,电器仪表,中小板,20150612
1203,002768.SZ,002768,国恩股份,山东,塑料,中小板,20150630
1204,002769.SZ,002769,普路通,深圳,仓储物流,中小板,20150629
1205,002770.SZ,002770,ST科迪,河南,乳制品,中小板,20150630
1206,002771.SZ,002771,真视通,北京,软件服务,中小板,20150629
1207,002772.SZ,002772,众兴菌业,甘肃,种植业,中小板,20150626
1208,002773.SZ,002773,康弘药业,四川,化学制药,中小板,20150626
1209,002774.SZ,002774,快意电梯,广东,运输设备,中小板,20170324
1210,002775.SZ,002775,文科园林,深圳,建筑工程,中小板,20150629
1211,002776.SZ,002776,柏堡龙,广东,服饰,中小板,20150626
1212,002777.SZ,002777,久远银海,四川,软件服务,中小板,20151231
1213,002778.SZ,002778,高科石化,江苏,石油加工,中小板,20160106
1214,002779.SZ,002779,中坚科技,浙江,农用机械,中小板,20151209
1215,002780.SZ,002780,三夫户外,北京,其他商业,中小板,20151209
1216,002781.SZ,002781,奇信股份,深圳,装修装饰,中小板,20151222
1217,002782.SZ,002782,可立克,深圳,电气设备,中小板,20151222
1218,002783.SZ,002783,凯龙股份,湖北,化工原料,中小板,20151209
1219,002785.SZ,002785,万里石,福建,其他建材,中小板,20151223
1220,002786.SZ,002786,银宝山新,深圳,专用机械,中小板,20151223
1221,002787.SZ,002787,华源控股,江苏,广告包装,中小板,20151231
1222,002788.SZ,002788,鹭燕医药,福建,医药商业,中小板,20160218
1223,002789.SZ,002789,建艺集团,深圳,装修装饰,中小板,20160311
1224,002790.SZ,002790,瑞尔特,福建,家居用品,中小板,20160308
1225,002791.SZ,002791,坚朗五金,广东,其他建材,中小板,20160329
1226,002792.SZ,002792,通宇通讯,广东,通信设备,中小板,20160328
1227,002793.SZ,002793,罗欣药业,浙江,化学制药,中小板,20160415
1228,002795.SZ,002795,永和智控,浙江,机械基件,中小板,20160428
1229,002796.SZ,002796,世嘉科技,江苏,通信设备,中小板,20160510
1230,002797.SZ,002797,第一创业,深圳,证券,中小板,20160511
1231,002798.SZ,002798,帝欧家居,四川,家居用品,中小板,20160525
1232,002799.SZ,002799,环球印务,陕西,广告包装,中小板,20160608
1233,002800.SZ,002800,天顺股份,新疆,仓储物流,中小板,20160530
1234,002801.SZ,002801,微光股份,浙江,电气设备,中小板,20160622
1235,002802.SZ,002802,洪汇新材,江苏,化工原料,中小板,20160629
1236,002803.SZ,002803,吉宏股份,福建,互联网,中小板,20160712
1237,002805.SZ,002805,丰元股份,山东,化工原料,中小板,20160707
1238,002806.SZ,002806,华锋股份,广东,元器件,中小板,20160726
1239,002807.SZ,002807,江阴银行,江苏,银行,中小板,20160902
1240,002808.SZ,002808,恒久科技,江苏,元器件,中小板,20160812
1241,002809.SZ,002809,红墙股份,广东,化工原料,中小板,20160823
1242,002810.SZ,002810,山东赫达,山东,化工原料,中小板,20160826
1243,002811.SZ,002811,郑中设计,深圳,装修装饰,中小板,20160908
1244,002812.SZ,002812,恩捷股份,云南,塑料,中小板,20160914
1245,002813.SZ,002813,路畅科技,深圳,汽车配件,中小板,20161012
1246,002815.SZ,002815,崇达技术,深圳,元器件,中小板,20161012
1247,002816.SZ,002816,和科达,深圳,专用机械,中小板,20161025
1248,002817.SZ,002817,黄山胶囊,安徽,化学制药,中小板,20161025
1249,002818.SZ,002818,富森美,四川,其他商业,中小板,20161109
1250,002819.SZ,002819,东方中科,北京,电器仪表,中小板,20161111
1251,002820.SZ,002820,桂发祥,天津,食品,中小板,20161118
1252,002821.SZ,002821,凯莱英,天津,生物制药,中小板,20161118
1253,002822.SZ,002822,中装建设,深圳,装修装饰,中小板,20161129
1254,002823.SZ,002823,凯中精密,深圳,机械基件,中小板,20161124
1255,002824.SZ,002824,和胜股份,广东,铝,中小板,20170112
1256,002825.SZ,002825,纳尔股份,上海,化工原料,中小板,20161129
1257,002826.SZ,002826,易明医药,西藏,中成药,中小板,20161209
1258,002827.SZ,002827,高争民爆,西藏,化工原料,中小板,20161209
1259,002828.SZ,002828,贝肯能源,新疆,石油开采,中小板,20161208
1260,002829.SZ,002829,星网宇达,北京,通信设备,中小板,20161213
1261,002830.SZ,002830,名雕股份,深圳,装修装饰,中小板,20161213
1262,002831.SZ,002831,裕同科技,深圳,广告包装,中小板,20161216
1263,002832.SZ,002832,比音勒芬,广东,服饰,中小板,20161223
1264,002833.SZ,002833,弘亚数控,广东,专用机械,中小板,20161228
1265,002835.SZ,002835,同为股份,深圳,元器件,中小板,20161228
1266,002836.SZ,002836,新宏泽,广东,广告包装,中小板,20161229
1267,002837.SZ,002837,英维克,深圳,专用机械,中小板,20161229
1268,002838.SZ,002838,道恩股份,山东,塑料,中小板,20170106
1269,002839.SZ,002839,张家港行,江苏,银行,中小板,20170124
1270,002840.SZ,002840,华统股份,浙江,食品,中小板,20170110
1271,002841.SZ,002841,视源股份,广东,元器件,中小板,20170119
1272,002842.SZ,002842,翔鹭钨业,广东,小金属,中小板,20170119
1273,002843.SZ,002843,泰嘉股份,湖南,钢加工,中小板,20170120
1274,002845.SZ,002845,同兴达,深圳,元器件,中小板,20170125
1275,002846.SZ,002846,英联股份,广东,广告包装,中小板,20170207
1276,002847.SZ,002847,盐津铺子,湖南,食品,中小板,20170208
1277,002848.SZ,002848,高斯贝尔,湖南,通信设备,中小板,20170213
1278,002849.SZ,002849,威星智能,浙江,电器仪表,中小板,20170217
1279,002850.SZ,002850,科达利,深圳,机械基件,中小板,20170302
1280,002851.SZ,002851,麦格米特,深圳,电气设备,中小板,20170306
1281,002852.SZ,002852,道道全,湖南,食品,中小板,20170310
1282,002853.SZ,002853,皮阿诺,广东,家居用品,中小板,20170310
1283,002855.SZ,002855,捷荣技术,广东,塑料,中小板,20170321
1284,002856.SZ,002856,美芝股份,深圳,装修装饰,中小板,20170320
1285,002857.SZ,002857,三晖电气,河南,电器仪表,中小板,20170323
1286,002858.SZ,002858,力盛赛车,上海,文教休闲,中小板,20170324
1287,002859.SZ,002859,洁美科技,浙江,元器件,中小板,20170407
1288,002860.SZ,002860,星帅尔,浙江,电气设备,中小板,20170412
1289,002861.SZ,002861,瀛通通讯,湖北,通信设备,中小板,20170413
1290,002862.SZ,002862,实丰文化,广东,文教休闲,中小板,20170411
1291,002863.SZ,002863,今飞凯达,浙江,汽车配件,中小板,20170418
1292,002864.SZ,002864,盘龙药业,陕西,中成药,中小板,20171116
1293,002865.SZ,002865,钧达股份,海南,汽车配件,中小板,20170425
1294,002866.SZ,002866,传艺科技,江苏,IT设备,中小板,20170426
1295,002867.SZ,002867,周大生,深圳,服饰,中小板,20170427
1296,002868.SZ,002868,绿康生化,福建,农业综合,中小板,20170503
1297,002869.SZ,002869,金溢科技,深圳,通信设备,中小板,20170515
1298,002870.SZ,002870,香山股份,广东,电器仪表,中小板,20170515
1299,002871.SZ,002871,伟隆股份,山东,机械基件,中小板,20170511
1300,002872.SZ,002872,ST天圣,重庆,化学制药,中小板,20170519
1301,002873.SZ,002873,新天药业,贵州,中成药,中小板,20170519
1302,002875.SZ,002875,安奈儿,深圳,服饰,中小板,20170601
1303,002876.SZ,002876,三利谱,深圳,元器件,中小板,20170525
1304,002877.SZ,002877,智能自控,江苏,电器仪表,中小板,20170605
1305,002878.SZ,002878,元隆雅图,北京,文教休闲,中小板,20170606
1306,002879.SZ,002879,长缆科技,湖南,电气设备,中小板,20170707
1307,002880.SZ,002880,卫光生物,深圳,生物制药,中小板,20170616
1308,002881.SZ,002881,美格智能,深圳,通信设备,中小板,20170622
1309,002882.SZ,002882,金龙羽,深圳,电气设备,中小板,20170717
1310,002883.SZ,002883,中设股份,江苏,建筑工程,中小板,20170620
1311,002884.SZ,002884,凌霄泵业,广东,专用机械,中小板,20170711
1312,002885.SZ,002885,京泉华,深圳,元器件,中小板,20170627
1313,002886.SZ,002886,沃特股份,深圳,塑料,中小板,20170627
1314,002887.SZ,002887,绿茵生态,天津,环境保护,中小板,20170801
1315,002888.SZ,002888,惠威科技,广东,元器件,中小板,20170721
1316,002889.SZ,002889,东方嘉盛,深圳,仓储物流,中小板,20170731
1317,002890.SZ,002890,弘宇股份,山东,农用机械,中小板,20170802
1318,002891.SZ,002891,中宠股份,山东,饲料,中小板,20170821
1319,002892.SZ,002892,科力尔,湖南,电气设备,中小板,20170817
1320,002893.SZ,002893,华通热力,北京,供气供热,中小板,20170915
1321,002895.SZ,002895,川恒股份,贵州,化工原料,中小板,20170825
1322,002896.SZ,002896,中大力德,浙江,机械基件,中小板,20170829
1323,002897.SZ,002897,意华股份,浙江,元器件,中小板,20170907
1324,002898.SZ,002898,赛隆药业,广东,化学制药,中小板,20170912
1325,002899.SZ,002899,英派斯,山东,文教休闲,中小板,20170915
1326,002900.SZ,002900,哈三联,黑龙江,化学制药,中小板,20170922
1327,002901.SZ,002901,大博医疗,福建,医疗保健,中小板,20170922
1328,002902.SZ,002902,铭普光磁,广东,元器件,中小板,20170929
1329,002903.SZ,002903,宇环数控,湖南,机床制造,中小板,20171013
1330,002905.SZ,002905,金逸影视,广东,影视音像,中小板,20171016
1331,002906.SZ,002906,华阳集团,广东,汽车配件,中小板,20171013
1332,002907.SZ,002907,华森制药,重庆,化学制药,中小板,20171020
1333,002908.SZ,002908,德生科技,广东,元器件,中小板,20171020
1334,002909.SZ,002909,集泰股份,广东,化工原料,中小板,20171026
1335,002910.SZ,002910,庄园牧场,甘肃,乳制品,中小板,20171031
1336,002911.SZ,002911,佛燃能源,广东,供气供热,中小板,20171122
1337,002912.SZ,002912,中新赛克,深圳,软件服务,中小板,20171121
1338,002913.SZ,002913,奥士康,湖南,元器件,中小板,20171201
1339,002915.SZ,002915,中欣氟材,浙江,化工原料,中小板,20171205
1340,002916.SZ,002916,深南电路,深圳,元器件,中小板,20171213
1341,002917.SZ,002917,金奥博,深圳,化工原料,中小板,20171208
1342,002918.SZ,002918,蒙娜丽莎,广东,其他建材,中小板,20171219
1343,002919.SZ,002919,名臣健康,广东,日用化工,中小板,20171218
1344,002920.SZ,002920,德赛西威,广东,汽车配件,中小板,20171226
1345,002921.SZ,002921,联诚精密,山东,汽车配件,中小板,20171227
1346,002922.SZ,002922,伊戈尔,广东,电气设备,中小板,20171229
1347,002923.SZ,002923,润都股份,广东,化学制药,中小板,20180105
1348,002925.SZ,002925,盈趣科技,福建,元器件,中小板,20180115
1349,002926.SZ,002926,华西证券,四川,证券,中小板,20180205
1350,002927.SZ,002927,泰永长征,贵州,电气设备,中小板,20180223
1351,002928.SZ,002928,华夏航空,贵州,空运,中小板,20180302
1352,002929.SZ,002929,润建股份,广西,通信设备,中小板,20180301
1353,002930.SZ,002930,宏川智慧,广东,仓储物流,中小板,20180328
1354,002931.SZ,002931,锋龙股份,浙江,汽车配件,中小板,20180403
1355,002932.SZ,002932,明德生物,湖北,医疗保健,中小板,20180710
1356,002933.SZ,002933,新兴装备,北京,航空,中小板,20180828
1357,002935.SZ,002935,天奥电子,四川,元器件,中小板,20180903
1358,002936.SZ,002936,郑州银行,河南,银行,中小板,20180919
1359,002937.SZ,002937,兴瑞科技,浙江,元器件,中小板,20180926
1360,002938.SZ,002938,鹏鼎控股,深圳,元器件,中小板,20180918
1361,002939.SZ,002939,长城证券,深圳,证券,中小板,20181026
1362,002940.SZ,002940,昂利康,浙江,化学制药,中小板,20181023
1363,002941.SZ,002941,新疆交建,新疆,建筑工程,中小板,20181128
1364,002942.SZ,002942,新农股份,浙江,农药化肥,中小板,20181205
1365,002943.SZ,002943,宇晶股份,湖南,机床制造,中小板,20181129
1366,002945.SZ,002945,华林证券,西藏,证券,中小板,20190117
1367,002946.SZ,002946,新乳业,四川,乳制品,中小板,20190125
1368,002947.SZ,002947,恒铭达,江苏,元器件,中小板,20190201
1369,002948.SZ,002948,青岛银行,山东,银行,中小板,20190116
1370,002949.SZ,002949,华阳国际,深圳,建筑工程,中小板,20190226
1371,002950.SZ,002950,奥美医疗,湖北,医疗保健,中小板,20190311
1372,002951.SZ,002951,金时科技,四川,广告包装,中小板,20190315
1373,002952.SZ,002952,亚世光电,辽宁,元器件,中小板,20190328
1374,002953.SZ,002953,日丰股份,广东,电气设备,中小板,20190509
1375,002955.SZ,002955,鸿合科技,北京,IT设备,中小板,20190523
1376,002956.SZ,002956,西麦食品,广西,食品,中小板,20190619
1377,002957.SZ,002957,科瑞技术,深圳,专用机械,中小板,20190726
1378,002958.SZ,002958,青农商行,山东,银行,中小板,20190326
1379,002959.SZ,002959,小熊电器,广东,家用电器,中小板,20190823
1380,002960.SZ,002960,青鸟消防,河北,专用机械,中小板,20190809
1381,002961.SZ,002961,瑞达期货,福建,多元金融,中小板,20190905
1382,002962.SZ,002962,五方光电,湖北,元器件,中小板,20190917
1383,002963.SZ,002963,豪尔赛,北京,装修装饰,中小板,20191028
1384,002965.SZ,002965,祥鑫科技,广东,汽车配件,中小板,20191025
1385,002966.SZ,002966,苏州银行,江苏,银行,中小板,20190802
1386,002967.SZ,002967,广电计量,广东,综合类,中小板,20191108
1387,002968.SZ,002968,新大正,重庆,房产服务,中小板,20191203
1388,002969.SZ,002969,嘉美包装,安徽,广告包装,中小板,20191202
1389,002970.SZ,002970,锐明技术,深圳,通信设备,中小板,20191217
1390,002971.SZ,002971,和远气体,湖北,化工原料,中小板,20200113
1391,002972.SZ,002972,科安达,深圳,运输设备,中小板,20191227
1392,002973.SZ,002973,侨银环保,广东,环境保护,中小板,20200106
1393,002975.SZ,002975,博杰股份,广东,专用机械,中小板,20200205
1394,002976.SZ,002976,瑞玛工业,江苏,钢加工,中小板,20200306
1395,002977.SZ,002977,天箭科技,四川,通信设备,中小板,20200317
1396,002978.SZ,002978,安宁股份,四川,小金属,中小板,20200417
1397,002979.SZ,002979,雷赛智能,深圳,专用机械,中小板,20200408
1398,002980.SZ,002980,华盛昌,深圳,电器仪表,中小板,20200415
1399,002981.SZ,002981,朝阳科技,广东,元器件,中小板,20200417
1400,002982.SZ,002982,湘佳股份,湖南,农业综合,中小板,20200424
1401,002983.SZ,002983,芯瑞达,安徽,元器件,中小板,20200428
1402,002984.SZ,002984,森麒麟,山东,汽车配件,中小板,20200911
1403,002985.SZ,002985,北摩高科,北京,航空,中小板,20200429
1404,002986.SZ,002986,宇新股份,湖南,化工原料,中小板,20200602
1405,002987.SZ,002987,京北方,北京,软件服务,中小板,20200507
1406,002988.SZ,002988,豪美新材,广东,铝,中小板,20200518
1407,002989.SZ,002989,中天精装,深圳,装修装饰,中小板,20200610
1408,002990.SZ,002990,盛视科技,深圳,软件服务,中小板,20200525
1409,002991.SZ,002991,甘源食品,江西,食品,中小板,20200731
1410,002992.SZ,002992,宝明科技,深圳,元器件,中小板,20200803
1411,002993.SZ,002993,奥海科技,广东,元器件,中小板,20200817
1412,002995.SZ,002995,天地在线,北京,互联网,中小板,20200805
1413,002996.SZ,002996,顺博合金,重庆,铝,中小板,20200828
1414,002997.SZ,002997,瑞鹄模具,安徽,汽车配件,中小板,20200903
1415,002998.SZ,002998,优彩资源,江苏,化纤,中小板,20200925
1416,002999.SZ,002999,天禾股份,广东,批发业,中小板,20200903
1417,003000.SZ,003000,华文食品,湖南,食品,中小板,20200914
1418,003001.SZ,003001,中岩大地,北京,建筑工程,中小板,20201013
1419,003002.SZ,003002,壶化股份,山西,化工原料,中小板,20200922
1420,003003.SZ,003003,天元股份,广东,广告包装,中小板,20200921
1421,003004.SZ,003004,声迅股份,北京,软件服务,中小板,20201126
1422,003005.SZ,003005,竞业达,北京,软件服务,中小板,20200922
1423,003006.SZ,003006,百亚股份,重庆,造纸,中小板,20200921
1424,003007.SZ,003007,直真科技,北京,软件服务,中小板,20200923
1425,003008.SZ,003008,开普检测,河南,电气设备,中小板,20200923
1426,003009.SZ,003009,中天火箭,陕西,航空,中小板,20200925
1427,003010.SZ,003010,若羽臣,广东,互联网,中小板,20200925
1428,003011.SZ,003011,海象新材,浙江,家居用品,中小板,20200930
1429,003012.SZ,003012,东鹏控股,广东,陶瓷,中小板,20201019
1430,003013.SZ,003013,地铁设计,广东,建筑工程,中小板,20201022
1431,003015.SZ,003015,日久光电,江苏,元器件,中小板,20201021
1432,003016.SZ,003016,欣贺股份,福建,服饰,中小板,20201026
1433,003017.SZ,003017,大洋生物,浙江,化工原料,中小板,20201026
1434,003018.SZ,003018,金富科技,广东,塑料,中小板,20201106
1435,003019.SZ,003019,宸展光电,福建,元器件,中小板,20201117
1436,003020.SZ,003020,立方制药,安徽,化学制药,中小板,20201215
1437,003021.SZ,003021,兆威机电,深圳,元器件,中小板,20201204
1438,003022.SZ,003022,联泓新科,山东,化工原料,中小板,20201208
1439,003023.SZ,003023,彩虹集团,四川,家用电器,中小板,20201211
1440,003025.SZ,003025,思进智能,浙江,机械基件,中小板,20201211
1441,003026.SZ,003026,N中晶,浙江,半导体,中小板,20201218
1442,003027.SZ,003027,N同兴,安徽,环境保护,中小板,20201218
1443,003816.SZ,003816,中国广核,深圳,新型电力,中小板,20190826
1444,300001.SZ,300001,特锐德,山东,电气设备,创业板,20091030
1445,300002.SZ,300002,神州泰岳,北京,软件服务,创业板,20091030
1446,300003.SZ,300003,乐普医疗,北京,医疗保健,创业板,20091030
1447,300004.SZ,300004,南风股份,广东,电气设备,创业板,20091030
1448,300005.SZ,300005,探路者,北京,服饰,创业板,20091030
1449,300006.SZ,300006,莱美药业,重庆,化学制药,创业板,20091030
1450,300007.SZ,300007,汉威科技,河南,电器仪表,创业板,20091030
1451,300008.SZ,300008,天海防务,上海,船舶,创业板,20091030
1452,300009.SZ,300009,安科生物,安徽,生物制药,创业板,20091030
1453,300010.SZ,300010,豆神教育,北京,软件服务,创业板,20091030
1454,300011.SZ,300011,鼎汉技术,北京,运输设备,创业板,20091030
1455,300012.SZ,300012,华测检测,深圳,电器仪表,创业板,20091030
1456,300013.SZ,300013,新宁物流,江苏,仓储物流,创业板,20091030
1457,300014.SZ,300014,亿纬锂能,广东,电气设备,创业板,20091030
1458,300015.SZ,300015,爱尔眼科,湖南,医疗保健,创业板,20091030
1459,300016.SZ,300016,北陆药业,北京,中成药,创业板,20091030
1460,300017.SZ,300017,网宿科技,上海,电信运营,创业板,20091030
1461,300018.SZ,300018,中元股份,湖北,电气设备,创业板,20091030
1462,300019.SZ,300019,硅宝科技,四川,化工原料,创业板,20091030
1463,300020.SZ,300020,银江股份,浙江,软件服务,创业板,20091030
1464,300021.SZ,300021,大禹节水,甘肃,农业综合,创业板,20091030
1465,300022.SZ,300022,吉峰科技,四川,农用机械,创业板,20091030
1466,300023.SZ,300023,宝德股份,陕西,专用机械,创业板,20091030
1467,300024.SZ,300024,机器人,辽宁,专用机械,创业板,20091030
1468,300025.SZ,300025,华星创业,浙江,通信设备,创业板,20091030
1469,300026.SZ,300026,红日药业,天津,中成药,创业板,20091030
1470,300027.SZ,300027,华谊兄弟,浙江,影视音像,创业板,20091030
1471,300029.SZ,300029,ST天龙,江苏,专用机械,创业板,20091225
1472,300030.SZ,300030,阳普医疗,广东,医疗保健,创业板,20091225
1473,300031.SZ,300031,宝通科技,江苏,互联网,创业板,20091225
1474,300032.SZ,300032,金龙机电,浙江,元器件,创业板,20091225
1475,300033.SZ,300033,同花顺,浙江,软件服务,创业板,20091225
1476,300034.SZ,300034,钢研高纳,北京,小金属,创业板,20091225
1477,300035.SZ,300035,中科电气,湖南,电气设备,创业板,20091225
1478,300036.SZ,300036,超图软件,北京,软件服务,创业板,20091225
1479,300037.SZ,300037,新宙邦,深圳,化工原料,创业板,20100108
1480,300038.SZ,300038,数知科技,北京,互联网,创业板,20100108
1481,300039.SZ,300039,上海凯宝,上海,中成药,创业板,20100108
1482,300040.SZ,300040,九洲集团,黑龙江,电气设备,创业板,20100108
1483,300041.SZ,300041,回天新材,湖北,化工原料,创业板,20100108
1484,300042.SZ,300042,朗科科技,深圳,IT设备,创业板,20100108
1485,300043.SZ,300043,星辉娱乐,广东,文教休闲,创业板,20100120
1486,300044.SZ,300044,赛为智能,深圳,软件服务,创业板,20100120
1487,300045.SZ,300045,华力创通,北京,IT设备,创业板,20100120
1488,300046.SZ,300046,台基股份,湖北,半导体,创业板,20100120
1489,300047.SZ,300047,天源迪科,深圳,软件服务,创业板,20100120
1490,300048.SZ,300048,合康新能,北京,电气设备,创业板,20100120
1491,300049.SZ,300049,福瑞股份,内蒙,医疗保健,创业板,20100120
1492,300050.SZ,300050,世纪鼎利,广东,软件服务,创业板,20100120
1493,300051.SZ,300051,三五互联,福建,互联网,创业板,20100211
1494,300052.SZ,300052,中青宝,深圳,互联网,创业板,20100211
1495,300053.SZ,300053,欧比特,广东,半导体,创业板,20100211
1496,300054.SZ,300054,鼎龙股份,湖北,化工原料,创业板,20100211
1497,300055.SZ,300055,万邦达,北京,环境保护,创业板,20100226
1498,300056.SZ,300056,中创环保,福建,环境保护,创业板,20100226
1499,300057.SZ,300057,万顺新材,广东,广告包装,创业板,20100226
1500,300058.SZ,300058,蓝色光标,北京,广告包装,创业板,20100226
1501,300059.SZ,300059,东方财富,上海,证券,创业板,20100319
1502,300061.SZ,300061,旗天科技,上海,互联网,创业板,20100319
1503,300062.SZ,300062,中能电气,福建,电气设备,创业板,20100319
1504,300063.SZ,300063,天龙集团,广东,互联网,创业板,20100326
1505,300064.SZ,300064,ST金刚,河南,矿物制品,创业板,20100326
1506,300065.SZ,300065,海兰信,北京,软件服务,创业板,20100326
1507,300066.SZ,300066,三川智慧,江西,电器仪表,创业板,20100326
1508,300067.SZ,300067,安诺其,上海,染料涂料,创业板,20100421
1509,300068.SZ,300068,南都电源,浙江,电气设备,创业板,20100421
1510,300069.SZ,300069,金利华电,浙江,电气设备,创业板,20100421
1511,300070.SZ,300070,碧水源,北京,环境保护,创业板,20100421
1512,300071.SZ,300071,华谊嘉信,北京,广告包装,创业板,20100421
1513,300072.SZ,300072,三聚环保,北京,环境保护,创业板,20100427
1514,300073.SZ,300073,当升科技,北京,矿物制品,创业板,20100427
1515,300074.SZ,300074,华平股份,上海,通信设备,创业板,20100427
1516,300075.SZ,300075,数字政通,北京,软件服务,创业板,20100427
1517,300076.SZ,300076,GQY视讯,浙江,IT设备,创业板,20100430
1518,300077.SZ,300077,国民技术,深圳,半导体,创业板,20100430
1519,300078.SZ,300078,思创医惠,浙江,元器件,创业板,20100430
1520,300079.SZ,300079,数码科技,北京,通信设备,创业板,20100430
1521,300080.SZ,300080,易成新能,河南,电气设备,创业板,20100625
1522,300081.SZ,300081,恒信东方,北京,文教休闲,创业板,20100520
1523,300082.SZ,300082,奥克股份,辽宁,化工原料,创业板,20100520
1524,300083.SZ,300083,创世纪,广东,元器件,创业板,20100520
1525,300084.SZ,300084,海默科技,甘肃,石油开采,创业板,20100520
1526,300085.SZ,300085,银之杰,深圳,软件服务,创业板,20100526
1527,300086.SZ,300086,康芝药业,海南,化学制药,创业板,20100526
1528,300087.SZ,300087,荃银高科,安徽,种植业,创业板,20100526
1529,300088.SZ,300088,长信科技,安徽,元器件,创业板,20100526
1530,300089.SZ,300089,文化长城,广东,文教休闲,创业板,20100625
1531,300091.SZ,300091,金通灵,江苏,机械基件,创业板,20100625
1532,300092.SZ,300092,科新机电,四川,专用机械,创业板,20100708
1533,300093.SZ,300093,金刚玻璃,广东,玻璃,创业板,20100708
1534,300094.SZ,300094,国联水产,广东,渔业,创业板,20100708
1535,300095.SZ,300095,华伍股份,江西,机械基件,创业板,20100728
1536,300096.SZ,300096,易联众,福建,软件服务,创业板,20100728
1537,300097.SZ,300097,智云股份,辽宁,电器仪表,创业板,20100728
1538,300098.SZ,300098,高新兴,广东,通信设备,创业板,20100728
1539,300099.SZ,300099,精准信息,山东,电器仪表,创业板,20100806
1540,300100.SZ,300100,双林股份,浙江,汽车服务,创业板,20100806
1541,300101.SZ,300101,振芯科技,四川,通信设备,创业板,20100806
1542,300102.SZ,300102,乾照光电,福建,半导体,创业板,20100812
1543,300103.SZ,300103,达刚控股,陕西,工程机械,创业板,20100812
1544,300105.SZ,300105,龙源技术,山东,电器仪表,创业板,20100820
1545,300106.SZ,300106,西部牧业,新疆,农业综合,创业板,20100820
1546,300107.SZ,300107,建新股份,河北,化工原料,创业板,20100820
1547,300108.SZ,300108,吉药控股,吉林,中成药,创业板,20100825
1548,300109.SZ,300109,新开源,河南,化工原料,创业板,20100825
1549,300110.SZ,300110,华仁药业,山东,化学制药,创业板,20100825
1550,300111.SZ,300111,向日葵,浙江,化学制药,创业板,20100827
1551,300112.SZ,300112,万讯自控,深圳,电器仪表,创业板,20100827
1552,300113.SZ,300113,顺网科技,浙江,互联网,创业板,20100827
1553,300114.SZ,300114,中航电测,陕西,电器仪表,创业板,20100827
1554,300115.SZ,300115,长盈精密,深圳,元器件,创业板,20100902
1555,300116.SZ,300116,保力新,陕西,电气设备,创业板,20100902
1556,300117.SZ,300117,嘉寓股份,北京,装修装饰,创业板,20100902
1557,300118.SZ,300118,东方日升,浙江,电气设备,创业板,20100902
1558,300119.SZ,300119,瑞普生物,天津,农业综合,创业板,20100917
1559,300120.SZ,300120,经纬辉开,天津,元器件,创业板,20100917
1560,300121.SZ,300121,阳谷华泰,山东,化工原料,创业板,20100917
1561,300122.SZ,300122,智飞生物,重庆,生物制药,创业板,20100928
1562,300123.SZ,300123,亚光科技,湖南,半导体,创业板,20100928
1563,300124.SZ,300124,汇川技术,深圳,电器仪表,创业板,20100928
1564,300125.SZ,300125,聆达股份,辽宁,电气设备,创业板,20101013
1565,300126.SZ,300126,锐奇股份,上海,轻工机械,创业板,20101013
1566,300127.SZ,300127,银河磁体,四川,元器件,创业板,20101013
1567,300128.SZ,300128,锦富技术,江苏,元器件,创业板,20101013
1568,300129.SZ,300129,泰胜风能,上海,电气设备,创业板,20101019
1569,300130.SZ,300130,新国都,深圳,IT设备,创业板,20101019
1570,300131.SZ,300131,英唐智控,深圳,元器件,创业板,20101019
1571,300132.SZ,300132,青松股份,福建,化工原料,创业板,20101026
1572,300133.SZ,300133,华策影视,浙江,影视音像,创业板,20101026
1573,300134.SZ,300134,大富科技,安徽,通信设备,创业板,20101026
1574,300135.SZ,300135,宝利国际,江苏,化工原料,创业板,20101026
1575,300136.SZ,300136,信维通信,深圳,通信设备,创业板,20101105
1576,300137.SZ,300137,先河环保,河北,环境保护,创业板,20101105
1577,300138.SZ,300138,晨光生物,河北,食品,创业板,20101105
1578,300139.SZ,300139,晓程科技,北京,元器件,创业板,20101112
1579,300140.SZ,300140,中环装备,陕西,环境保护,创业板,20101112
1580,300141.SZ,300141,和顺电气,江苏,电气设备,创业板,20101112
1581,300142.SZ,300142,沃森生物,云南,生物制药,创业板,20101112
1582,300143.SZ,300143,盈康生命,山东,医疗保健,创业板,20101209
1583,300144.SZ,300144,宋城演艺,浙江,旅游景点,创业板,20101209
1584,300145.SZ,300145,中金环境,浙江,专用机械,创业板,20101209
1585,300146.SZ,300146,汤臣倍健,广东,医疗保健,创业板,20101215
1586,300147.SZ,300147,香雪制药,广东,中成药,创业板,20101215
1587,300148.SZ,300148,天舟文化,湖南,互联网,创业板,20101215
1588,300149.SZ,300149,睿智医药,广东,生物制药,创业板,20101222
1589,300150.SZ,300150,世纪瑞尔,北京,软件服务,创业板,20101222
1590,300151.SZ,300151,昌红科技,深圳,机械基件,创业板,20101222
1591,300152.SZ,300152,科融环境,河北,环境保护,创业板,20101229
1592,300153.SZ,300153,科泰电源,上海,电气设备,创业板,20101229
1593,300154.SZ,300154,瑞凌股份,深圳,元器件,创业板,20101229
1594,300155.SZ,300155,安居宝,广东,元器件,创业板,20110107
1595,300157.SZ,300157,恒泰艾普,北京,石油开采,创业板,20110107
1596,300158.SZ,300158,振东制药,山西,化学制药,创业板,20110107
1597,300159.SZ,300159,新研股份,新疆,航空,创业板,20110107
1598,300160.SZ,300160,秀强股份,江苏,玻璃,创业板,20110113
1599,300161.SZ,300161,华中数控,湖北,机床制造,创业板,20110113
1600,300162.SZ,300162,雷曼光电,深圳,元器件,创业板,20110113
1601,300163.SZ,300163,先锋新材,浙江,其他建材,创业板,20110113
1602,300164.SZ,300164,通源石油,陕西,石油开采,创业板,20110113
1603,300165.SZ,300165,天瑞仪器,江苏,电器仪表,创业板,20110125
1604,300166.SZ,300166,东方国信,北京,软件服务,创业板,20110125
1605,300167.SZ,300167,迪威迅,深圳,通信设备,创业板,20110125
1606,300168.SZ,300168,万达信息,上海,软件服务,创业板,20110125
1607,300169.SZ,300169,天晟新材,江苏,塑料,创业板,20110125
1608,300170.SZ,300170,汉得信息,上海,软件服务,创业板,20110201
1609,300171.SZ,300171,东富龙,上海,医疗保健,创业板,20110201
1610,300172.SZ,300172,中电环保,江苏,环境保护,创业板,20110201
1611,300173.SZ,300173,福能东方,广东,轻工机械,创业板,20110201
1612,300174.SZ,300174,元力股份,福建,化工原料,创业板,20110201
1613,300175.SZ,300175,朗源股份,山东,食品,创业板,20110215
1614,300176.SZ,300176,派生科技,广东,汽车配件,创业板,20110215
1615,300177.SZ,300177,中海达,广东,通信设备,创业板,20110215
1616,300178.SZ,300178,腾邦国际,深圳,旅游服务,创业板,20110215
1617,300179.SZ,300179,四方达,河南,矿物制品,创业板,20110215
1618,300180.SZ,300180,华峰超纤,上海,化纤,创业板,20110222
1619,300181.SZ,300181,佐力药业,浙江,中成药,创业板,20110222
1620,300182.SZ,300182,捷成股份,北京,软件服务,创业板,20110222
1621,300183.SZ,300183,东软载波,山东,通信设备,创业板,20110222
1622,300184.SZ,300184,力源信息,湖北,元器件,创业板,20110222
1623,300185.SZ,300185,通裕重工,山东,工程机械,创业板,20110308
1624,300187.SZ,300187,永清环保,湖南,环境保护,创业板,20110308
1625,300188.SZ,300188,美亚柏科,福建,软件服务,创业板,20110316
1626,300189.SZ,300189,神农科技,海南,种植业,创业板,20110316
1627,300190.SZ,300190,维尔利,江苏,环境保护,创业板,20110316
1628,300191.SZ,300191,潜能恒信,北京,石油开采,创业板,20110316
1629,300192.SZ,300192,科德教育,江苏,文教休闲,创业板,20110322
1630,300193.SZ,300193,佳士科技,深圳,专用机械,创业板,20110322
1631,300194.SZ,300194,福安药业,重庆,化学制药,创业板,20110322
1632,300195.SZ,300195,长荣股份,天津,轻工机械,创业板,20110329
1633,300196.SZ,300196,长海股份,江苏,玻璃,创业板,20110329
1634,300197.SZ,300197,铁汉生态,深圳,环境保护,创业板,20110329
1635,300198.SZ,300198,纳川股份,福建,塑料,创业板,20110407
1636,300199.SZ,300199,翰宇药业,深圳,化学制药,创业板,20110407
1637,300200.SZ,300200,高盟新材,北京,化工原料,创业板,20110407
1638,300201.SZ,300201,海伦哲,江苏,专用机械,创业板,20110407
1639,300202.SZ,300202,聚龙股份,辽宁,IT设备,创业板,20110415
1640,300203.SZ,300203,聚光科技,浙江,环境保护,创业板,20110415
1641,300204.SZ,300204,舒泰神,北京,生物制药,创业板,20110415
1642,300205.SZ,300205,天喻信息,湖北,元器件,创业板,20110421
1643,300206.SZ,300206,理邦仪器,深圳,医疗保健,创业板,20110421
1644,300207.SZ,300207,欣旺达,深圳,元器件,创业板,20110421
1645,300208.SZ,300208,青岛中程,山东,电气设备,创业板,20110426
1646,300209.SZ,300209,天泽信息,湖南,软件服务,创业板,20110426
1647,300210.SZ,300210,森远股份,辽宁,专用机械,创业板,20110426
1648,300211.SZ,300211,亿通科技,江苏,通信设备,创业板,20110505
1649,300212.SZ,300212,易华录,北京,软件服务,创业板,20110505
1650,300213.SZ,300213,佳讯飞鸿,北京,通信设备,创业板,20110505
1651,300214.SZ,300214,日科化学,山东,化工原料,创业板,20110511
1652,300215.SZ,300215,电科院,江苏,电气设备,创业板,20110511
1653,300217.SZ,300217,东方电热,江苏,电器仪表,创业板,20110518
1654,300218.SZ,300218,安利股份,安徽,塑料,创业板,20110518
1655,300219.SZ,300219,鸿利智汇,广东,元器件,创业板,20110518
1656,300220.SZ,300220,金运激光,湖北,元器件,创业板,20110525
1657,300221.SZ,300221,银禧科技,广东,塑料,创业板,20110525
1658,300222.SZ,300222,科大智能,上海,电气设备,创业板,20110525
1659,300223.SZ,300223,北京君正,北京,半导体,创业板,20110531
1660,300224.SZ,300224,正海磁材,山东,元器件,创业板,20110531
1661,300225.SZ,300225,金力泰,上海,染料涂料,创业板,20110531
1662,300226.SZ,300226,上海钢联,上海,互联网,创业板,20110608
1663,300227.SZ,300227,光韵达,深圳,元器件,创业板,20110608
1664,300228.SZ,300228,富瑞特装,江苏,化工机械,创业板,20110608
1665,300229.SZ,300229,拓尔思,北京,软件服务,创业板,20110615
1666,300230.SZ,300230,永利股份,上海,塑料,创业板,20110615
1667,300231.SZ,300231,银信科技,北京,软件服务,创业板,20110615
1668,300232.SZ,300232,洲明科技,深圳,半导体,创业板,20110622
1669,300233.SZ,300233,金城医药,山东,化学制药,创业板,20110622
1670,300234.SZ,300234,开尔新材,浙江,陶瓷,创业板,20110622
1671,300235.SZ,300235,方直科技,深圳,软件服务,创业板,20110629
1672,300236.SZ,300236,上海新阳,上海,半导体,创业板,20110629
1673,300237.SZ,300237,美晨生态,山东,建筑工程,创业板,20110629
1674,300238.SZ,300238,冠昊生物,广东,医疗保健,创业板,20110706
1675,300239.SZ,300239,东宝生物,内蒙,生物制药,创业板,20110706
1676,300240.SZ,300240,飞力达,江苏,仓储物流,创业板,20110706
1677,300241.SZ,300241,瑞丰光电,深圳,半导体,创业板,20110712
1678,300242.SZ,300242,佳云科技,广东,互联网,创业板,20110712
1679,300243.SZ,300243,瑞丰高材,山东,化工原料,创业板,20110712
1680,300244.SZ,300244,迪安诊断,浙江,医疗保健,创业板,20110719
1681,300245.SZ,300245,天玑科技,上海,软件服务,创业板,20110719
1682,300246.SZ,300246,宝莱特,广东,医疗保健,创业板,20110719
1683,300247.SZ,300247,融捷健康,安徽,医疗保健,创业板,20110729
1684,300248.SZ,300248,新开普,河南,软件服务,创业板,20110729
1685,300249.SZ,300249,依米康,四川,软件服务,创业板,20110803
1686,300250.SZ,300250,初灵信息,浙江,软件服务,创业板,20110803
1687,300251.SZ,300251,光线传媒,北京,影视音像,创业板,20110803
1688,300252.SZ,300252,金信诺,深圳,通信设备,创业板,20110818
1689,300253.SZ,300253,卫宁健康,上海,软件服务,创业板,20110818
1690,300254.SZ,300254,仟源医药,山西,化学制药,创业板,20110819
1691,300255.SZ,300255,常山药业,河北,生物制药,创业板,20110819
1692,300256.SZ,300256,星星科技,浙江,元器件,创业板,20110819
1693,300257.SZ,300257,开山股份,浙江,机械基件,创业板,20110819
1694,300258.SZ,300258,精锻科技,江苏,汽车配件,创业板,20110826
1695,300259.SZ,300259,新天科技,河南,电器仪表,创业板,20110831
1696,300260.SZ,300260,新莱应材,江苏,机械基件,创业板,20110906
1697,300261.SZ,300261,雅本化学,江苏,农药化肥,创业板,20110906
1698,300262.SZ,300262,巴安水务,上海,环境保护,创业板,20110916
1699,300263.SZ,300263,隆华科技,河南,专用机械,创业板,20110916
1700,300264.SZ,300264,佳创视讯,深圳,通信设备,创业板,20110916
1701,300265.SZ,300265,通光线缆,江苏,电气设备,创业板,20110916
1702,300266.SZ,300266,兴源环境,浙江,环境保护,创业板,20110927
1703,300267.SZ,300267,尔康制药,湖南,化学制药,创业板,20110927
1704,300268.SZ,300268,佳沃股份,湖南,农业综合,创业板,20110927
1705,300269.SZ,300269,联建光电,深圳,半导体,创业板,20111012
1706,300270.SZ,300270,中威电子,浙江,通信设备,创业板,20111012
1707,300271.SZ,300271,华宇软件,北京,软件服务,创业板,20111026
1708,300272.SZ,300272,开能健康,上海,环境保护,创业板,20111102
1709,300273.SZ,300273,和佳医疗,广东,医疗保健,创业板,20111026
1710,300274.SZ,300274,阳光电源,安徽,电气设备,创业板,20111102
1711,300275.SZ,300275,梅安森,重庆,软件服务,创业板,20111102
1712,300276.SZ,300276,三丰智能,湖北,专用机械,创业板,20111115
1713,300277.SZ,300277,海联讯,深圳,软件服务,创业板,20111123
1714,300278.SZ,300278,华昌达,湖北,专用机械,创业板,20111216
1715,300279.SZ,300279,和晶科技,江苏,元器件,创业板,20111229
1716,300280.SZ,300280,紫天科技,江苏,广告包装,创业板,20111229
1717,300281.SZ,300281,金明精机,广东,专用机械,创业板,20111229
1718,300282.SZ,300282,三盛教育,北京,文教休闲,创业板,20111229
1719,300283.SZ,300283,温州宏丰,浙江,电气设备,创业板,20120110
1720,300284.SZ,300284,苏交科,江苏,建筑工程,创业板,20120110
1721,300285.SZ,300285,国瓷材料,山东,陶瓷,创业板,20120113
1722,300286.SZ,300286,安科瑞,上海,电器仪表,创业板,20120113
1723,300287.SZ,300287,飞利信,北京,软件服务,创业板,20120201
1724,300288.SZ,300288,朗玛信息,贵州,软件服务,创业板,20120216
1725,300289.SZ,300289,利德曼,北京,生物制药,创业板,20120216
1726,300290.SZ,300290,荣科科技,辽宁,软件服务,创业板,20120216
1727,300291.SZ,300291,华录百纳,北京,影视音像,创业板,20120209
1728,300292.SZ,300292,吴通控股,江苏,软件服务,创业板,20120229
1729,300293.SZ,300293,蓝英装备,辽宁,专用机械,创业板,20120308
1730,300294.SZ,300294,博雅生物,江西,生物制药,创业板,20120308
1731,300295.SZ,300295,三六五网,江苏,互联网,创业板,20120315
1732,300296.SZ,300296,利亚德,北京,半导体,创业板,20120315
1733,300297.SZ,300297,蓝盾股份,广东,软件服务,创业板,20120315
1734,300298.SZ,300298,三诺生物,湖南,医疗保健,创业板,20120319
1735,300299.SZ,300299,富春股份,福建,互联网,创业板,20120319
1736,300300.SZ,300300,海峡创新,浙江,软件服务,创业板,20120319
1737,300301.SZ,300301,长方集团,深圳,半导体,创业板,20120321
1738,300302.SZ,300302,同有科技,北京,软件服务,创业板,20120321
1739,300303.SZ,300303,聚飞光电,深圳,半导体,创业板,20120319
1740,300304.SZ,300304,云意电气,江苏,汽车配件,创业板,20120321
1741,300305.SZ,300305,裕兴股份,江苏,塑料,创业板,20120329
1742,300306.SZ,300306,远方信息,浙江,电器仪表,创业板,20120329
1743,300307.SZ,300307,慈星股份,浙江,纺织机械,创业板,20120329
1744,300308.SZ,300308,中际旭创,山东,通信设备,创业板,20120410
1745,300309.SZ,300309,吉艾科技,北京,多元金融,创业板,20120410
1746,300310.SZ,300310,宜通世纪,广东,通信设备,创业板,20120425
1747,300311.SZ,300311,任子行,深圳,软件服务,创业板,20120425
1748,300312.SZ,300312,邦讯技术,北京,通信设备,创业板,20120508
1749,300313.SZ,300313,天山生物,新疆,农业综合,创业板,20120425
1750,300314.SZ,300314,戴维医疗,浙江,医疗保健,创业板,20120508
1751,300315.SZ,300315,掌趣科技,北京,互联网,创业板,20120511
1752,300316.SZ,300316,晶盛机电,浙江,专用机械,创业板,20120511
1753,300317.SZ,300317,珈伟新能,深圳,半导体,创业板,20120511
1754,300318.SZ,300318,博晖创新,北京,医疗保健,创业板,20120523
1755,300319.SZ,300319,麦捷科技,深圳,元器件,创业板,20120523
1756,300320.SZ,300320,海达股份,江苏,橡胶,创业板,20120601
1757,300321.SZ,300321,同大股份,山东,塑料,创业板,20120523
1758,300322.SZ,300322,硕贝德,广东,通信设备,创业板,20120608
1759,300323.SZ,300323,华灿光电,湖北,半导体,创业板,20120601
1760,300324.SZ,300324,旋极信息,北京,软件服务,创业板,20120608
1761,300325.SZ,300325,德威新材,江苏,塑料,创业板,20120601
1762,300326.SZ,300326,凯利泰,上海,医疗保健,创业板,20120613
1763,300327.SZ,300327,中颖电子,上海,半导体,创业板,20120613
1764,300328.SZ,300328,宜安科技,广东,铝,创业板,20120619
1765,300329.SZ,300329,海伦钢琴,浙江,文教休闲,创业板,20120619
1766,300330.SZ,300330,华虹计通,上海,软件服务,创业板,20120619
1767,300331.SZ,300331,苏大维格,江苏,元器件,创业板,20120628
1768,300332.SZ,300332,天壕环境,北京,环境保护,创业板,20120628
1769,300333.SZ,300333,兆日科技,深圳,软件服务,创业板,20120628
1770,300334.SZ,300334,津膜科技,天津,专用机械,创业板,20120705
1771,300335.SZ,300335,迪森股份,广东,供气供热,创业板,20120710
1772,300336.SZ,300336,新文化,上海,影视音像,创业板,20120710
1773,300337.SZ,300337,银邦股份,江苏,铝,创业板,20120718
1774,300338.SZ,300338,开元教育,湖南,文教休闲,创业板,20120726
1775,300339.SZ,300339,润和软件,江苏,软件服务,创业板,20120718
1776,300340.SZ,300340,科恒股份,广东,元器件,创业板,20120726
1777,300341.SZ,300341,麦克奥迪,福建,电气设备,创业板,20120726
1778,300342.SZ,300342,天银机电,江苏,元器件,创业板,20120726
1779,300343.SZ,300343,联创股份,山东,互联网,创业板,20120801
1780,300344.SZ,300344,太空智造,北京,软件服务,创业板,20120801
1781,300345.SZ,300345,华民股份,湖南,钢加工,创业板,20120801
1782,300346.SZ,300346,南大光电,江苏,元器件,创业板,20120807
1783,300347.SZ,300347,泰格医药,浙江,医疗保健,创业板,20120817
1784,300348.SZ,300348,长亮科技,深圳,软件服务,创业板,20120817
1785,300349.SZ,300349,金卡智能,浙江,软件服务,创业板,20120817
1786,300350.SZ,300350,华鹏飞,深圳,仓储物流,创业板,20120821
1787,300351.SZ,300351,永贵电器,浙江,元器件,创业板,20120920
1788,300352.SZ,300352,北信源,北京,软件服务,创业板,20120912
1789,300353.SZ,300353,东土科技,北京,通信设备,创业板,20120927
1790,300354.SZ,300354,东华测试,江苏,电器仪表,创业板,20120920
1791,300355.SZ,300355,蒙草生态,内蒙,环境保护,创业板,20120927
1792,300356.SZ,300356,光一科技,江苏,电气设备,创业板,20121009
1793,300357.SZ,300357,我武生物,浙江,生物制药,创业板,20140121
1794,300358.SZ,300358,楚天科技,湖南,医疗保健,创业板,20140121
1795,300359.SZ,300359,全通教育,广东,文教休闲,创业板,20140121
1796,300360.SZ,300360,炬华科技,浙江,电器仪表,创业板,20140121
1797,300363.SZ,300363,博腾股份,重庆,化学制药,创业板,20140129
1798,300364.SZ,300364,中文在线,北京,出版业,创业板,20150121
1799,300365.SZ,300365,恒华科技,北京,软件服务,创业板,20140123
1800,300366.SZ,300366,创意信息,四川,软件服务,创业板,20140127
1801,300367.SZ,300367,ST网力,北京,IT设备,创业板,20140129
1802,300368.SZ,300368,汇金股份,河北,IT设备,创业板,20140123
1803,300369.SZ,300369,绿盟科技,北京,软件服务,创业板,20140129
1804,300370.SZ,300370,安控科技,北京,电器仪表,创业板,20140123
1805,300371.SZ,300371,汇中股份,河北,电器仪表,创业板,20140123
1806,300373.SZ,300373,扬杰科技,江苏,半导体,创业板,20140123
1807,300374.SZ,300374,中铁装配,北京,其他建材,创业板,20150319
1808,300375.SZ,300375,鹏翎股份,天津,汽车配件,创业板,20140127
1809,300376.SZ,300376,易事特,广东,电气设备,创业板,20140127
1810,300377.SZ,300377,赢时胜,深圳,软件服务,创业板,20140127
1811,300378.SZ,300378,鼎捷软件,上海,软件服务,创业板,20140127
1812,300379.SZ,300379,东方通,北京,软件服务,创业板,20140128
1813,300380.SZ,300380,安硕信息,上海,软件服务,创业板,20140128
1814,300381.SZ,300381,溢多利,广东,生物制药,创业板,20140128
1815,300382.SZ,300382,斯莱克,江苏,专用机械,创业板,20140129
1816,300383.SZ,300383,光环新网,北京,电信运营,创业板,20140129
1817,300384.SZ,300384,三联虹普,北京,纺织机械,创业板,20140801
1818,300385.SZ,300385,雪浪环境,江苏,环境保护,创业板,20140626
1819,300386.SZ,300386,飞天诚信,北京,软件服务,创业板,20140626
1820,300387.SZ,300387,富邦股份,湖北,化工原料,创业板,20140702
1821,300388.SZ,300388,国祯环保,安徽,环境保护,创业板,20140801
1822,300389.SZ,300389,艾比森,深圳,半导体,创业板,20140801
1823,300390.SZ,300390,天华超净,江苏,元器件,创业板,20140731
1824,300391.SZ,300391,康跃科技,山东,机械基件,创业板,20140801
1825,300392.SZ,300392,腾信股份,北京,互联网,创业板,20140910
1826,300393.SZ,300393,中来股份,江苏,塑料,创业板,20140912
1827,300394.SZ,300394,天孚通信,江苏,通信设备,创业板,20150217
1828,300395.SZ,300395,菲利华,湖北,玻璃,创业板,20140910
1829,300396.SZ,300396,迪瑞医疗,吉林,医疗保健,创业板,20140910
1830,300397.SZ,300397,天和防务,陕西,通信设备,创业板,20140910
1831,300398.SZ,300398,飞凯材料,上海,染料涂料,创业板,20141009
1832,300399.SZ,300399,天利科技,江西,互联网,创业板,20141009
1833,300400.SZ,300400,劲拓股份,深圳,专用机械,创业板,20141010
1834,300401.SZ,300401,花园生物,浙江,食品,创业板,20141009
1835,300402.SZ,300402,宝色股份,江苏,专用机械,创业板,20141010
1836,300403.SZ,300403,汉宇集团,广东,家用电器,创业板,20141030
1837,300404.SZ,300404,博济医药,广东,医疗保健,创业板,20150424
1838,300405.SZ,300405,科隆股份,辽宁,化工原料,创业板,20141030
1839,300406.SZ,300406,九强生物,北京,医疗保健,创业板,20141030
1840,300407.SZ,300407,凯发电气,天津,电气设备,创业板,20141203
1841,300408.SZ,300408,三环集团,广东,元器件,创业板,20141203
1842,300409.SZ,300409,道氏技术,广东,陶瓷,创业板,20141203
1843,300410.SZ,300410,正业科技,广东,电器仪表,创业板,20141231
1844,300411.SZ,300411,金盾股份,浙江,专用机械,创业板,20141231
1845,300412.SZ,300412,迦南科技,浙江,医疗保健,创业板,20141231
1846,300413.SZ,300413,芒果超媒,湖南,影视音像,创业板,20150121
1847,300414.SZ,300414,中光防雷,四川,通信设备,创业板,20150513
1848,300415.SZ,300415,伊之密,广东,专用机械,创业板,20150123
1849,300416.SZ,300416,苏试试验,江苏,电器仪表,创业板,20150122
1850,300417.SZ,300417,南华仪器,广东,电器仪表,创业板,20150123
1851,300418.SZ,300418,昆仑万维,北京,互联网,创业板,20150121
1852,300419.SZ,300419,浩丰科技,北京,软件服务,创业板,20150122
1853,300420.SZ,300420,五洋停车,江苏,机械基件,创业板,20150217
1854,300421.SZ,300421,力星股份,江苏,机械基件,创业板,20150217
1855,300422.SZ,300422,博世科,广西,环境保护,创业板,20150217
1856,300423.SZ,300423,昇辉科技,山东,电气设备,创业板,20150217
1857,300424.SZ,300424,航新科技,广东,航空,创业板,20150422
1858,300425.SZ,300425,中建环能,四川,环境保护,创业板,20150216
1859,300426.SZ,300426,唐德影视,浙江,影视音像,创业板,20150217
1860,300427.SZ,300427,红相股份,福建,电气设备,创业板,20150217
1861,300428.SZ,300428,四通新材,河北,铝,创业板,20150319
1862,300429.SZ,300429,强力新材,江苏,化工原料,创业板,20150324
1863,300430.SZ,300430,诚益通,北京,电器仪表,创业板,20150319
1864,300432.SZ,300432,富临精工,四川,汽车配件,创业板,20150319
1865,300433.SZ,300433,蓝思科技,湖南,元器件,创业板,20150318
1866,300434.SZ,300434,金石亚药,四川,化学制药,创业板,20150424
1867,300435.SZ,300435,中泰股份,浙江,机械基件,创业板,20150326
1868,300436.SZ,300436,广生堂,福建,化学制药,创业板,20150422
1869,300437.SZ,300437,清水源,河南,化工原料,创业板,20150423
1870,300438.SZ,300438,鹏辉能源,广东,电气设备,创业板,20150424
1871,300439.SZ,300439,美康生物,浙江,医疗保健,创业板,20150422
1872,300440.SZ,300440,运达科技,四川,软件服务,创业板,20150423
1873,300441.SZ,300441,鲍斯股份,浙江,机床制造,创业板,20150423
1874,300442.SZ,300442,普丽盛,上海,轻工机械,创业板,20150424
1875,300443.SZ,300443,金雷股份,山东,专用机械,创业板,20150422
1876,300444.SZ,300444,双杰电气,北京,电气设备,创业板,20150423
1877,300445.SZ,300445,康斯特,北京,电器仪表,创业板,20150424
1878,300446.SZ,300446,ST乐凯,河北,化工原料,创业板,20150423
1879,300447.SZ,300447,全信股份,江苏,电气设备,创业板,20150422
1880,300448.SZ,300448,浩云科技,广东,软件服务,创业板,20150424
1881,300449.SZ,300449,汉邦高科,北京,IT设备,创业板,20150422
1882,300450.SZ,300450,先导智能,江苏,专用机械,创业板,20150518
1883,300451.SZ,300451,创业慧康,浙江,软件服务,创业板,20150514
1884,300452.SZ,300452,山河药辅,安徽,化学制药,创业板,20150515
1885,300453.SZ,300453,三鑫医疗,江西,医疗保健,创业板,20150515
1886,300454.SZ,300454,深信服,深圳,软件服务,创业板,20180516
1887,300455.SZ,300455,康拓红外,北京,运输设备,创业板,20150515
1888,300456.SZ,300456,赛微电子,北京,元器件,创业板,20150514
1889,300457.SZ,300457,赢合科技,深圳,专用机械,创业板,20150514
1890,300458.SZ,300458,全志科技,广东,元器件,创业板,20150515
1891,300459.SZ,300459,金科文化,浙江,互联网,创业板,20150515
1892,300460.SZ,300460,惠伦晶体,广东,元器件,创业板,20150515
1893,300461.SZ,300461,田中精机,浙江,专用机械,创业板,20150519
1894,300462.SZ,300462,华铭智能,上海,专用机械,创业板,20150527
1895,300463.SZ,300463,迈克生物,四川,医疗保健,创业板,20150528
1896,300464.SZ,300464,星徽精密,广东,机械基件,创业板,20150610
1897,300465.SZ,300465,高伟达,北京,软件服务,创业板,20150528
1898,300466.SZ,300466,赛摩智能,江苏,电器仪表,创业板,20150528
1899,300467.SZ,300467,迅游科技,四川,互联网,创业板,20150527
1900,300468.SZ,300468,四方精创,深圳,软件服务,创业板,20150527
1901,300469.SZ,300469,信息发展,上海,软件服务,创业板,20150611
1902,300470.SZ,300470,中密控股,四川,机械基件,创业板,20150612
1903,300471.SZ,300471,厚普股份,四川,专用机械,创业板,20150611
1904,300472.SZ,300472,新元科技,江西,专用机械,创业板,20150611
1905,300473.SZ,300473,德尔股份,辽宁,汽车配件,创业板,20150612
1906,300474.SZ,300474,景嘉微,湖南,元器件,创业板,20160331
1907,300475.SZ,300475,聚隆科技,安徽,专用机械,创业板,20150610
1908,300476.SZ,300476,胜宏科技,广东,元器件,创业板,20150611
1909,300477.SZ,300477,合纵科技,北京,电气设备,创业板,20150610
1910,300478.SZ,300478,杭州高新,浙江,橡胶,创业板,20150610
1911,300479.SZ,300479,神思电子,山东,软件服务,创业板,20150612
1912,300480.SZ,300480,光力科技,河南,专用机械,创业板,20150702
1913,300481.SZ,300481,濮阳惠成,河南,化工原料,创业板,20150630
1914,300482.SZ,300482,万孚生物,广东,医疗保健,创业板,20150630
1915,300483.SZ,300483,沃施股份,上海,石油开采,创业板,20150630
1916,300484.SZ,300484,蓝海华腾,深圳,电气设备,创业板,20160322
1917,300485.SZ,300485,赛升药业,北京,生物制药,创业板,20150626
1918,300486.SZ,300486,东杰智能,山西,专用机械,创业板,20150630
1919,300487.SZ,300487,蓝晓科技,陕西,化工原料,创业板,20150702
1920,300488.SZ,300488,恒锋工具,浙江,机械基件,创业板,20150701
1921,300489.SZ,300489,中飞股份,黑龙江,铝,创业板,20150701
1922,300490.SZ,300490,华自科技,湖南,电气设备,创业板,20151231
1923,300491.SZ,300491,通合科技,河北,电气设备,创业板,20151231
1924,300492.SZ,300492,华图山鼎,四川,建筑工程,创业板,20151223
1925,300493.SZ,300493,润欣科技,上海,通信设备,创业板,20151210
1926,300494.SZ,300494,盛天网络,湖北,互联网,创业板,20151231
1927,300495.SZ,300495,美尚生态,江苏,环境保护,创业板,20151222
1928,300496.SZ,300496,中科创达,北京,软件服务,创业板,20151210
1929,300497.SZ,300497,富祥药业,江西,化学制药,创业板,20151222
1930,300498.SZ,300498,温氏股份,广东,农业综合,创业板,20151102
1931,300499.SZ,300499,高澜股份,广东,专用机械,创业板,20160202
1932,300500.SZ,300500,启迪设计,江苏,建筑工程,创业板,20160204
1933,300501.SZ,300501,海顺新材,上海,广告包装,创业板,20160204
1934,300502.SZ,300502,新易盛,四川,通信设备,创业板,20160303
1935,300503.SZ,300503,昊志机电,广东,机械基件,创业板,20160309
1936,300504.SZ,300504,天邑股份,四川,通信设备,创业板,20180330
1937,300505.SZ,300505,川金诺,云南,化工原料,创业板,20160315
1938,300506.SZ,300506,名家汇,深圳,建筑工程,创业板,20160324
1939,300507.SZ,300507,苏奥传感,江苏,汽车配件,创业板,20160429
1940,300508.SZ,300508,维宏股份,上海,软件服务,创业板,20160419
1941,300509.SZ,300509,新美星,江苏,专用机械,创业板,20160425
1942,300510.SZ,300510,金冠股份,吉林,电气设备,创业板,20160506
1943,300511.SZ,300511,雪榕生物,上海,种植业,创业板,20160504
1944,300512.SZ,300512,中亚股份,浙江,专用机械,创业板,20160526
1945,300513.SZ,300513,恒实科技,北京,软件服务,创业板,20160530
1946,300514.SZ,300514,友讯达,深圳,通信设备,创业板,20170426
1947,300515.SZ,300515,三德科技,湖南,电器仪表,创业板,20160608
1948,300516.SZ,300516,久之洋,湖北,电器仪表,创业板,20160602
1949,300517.SZ,300517,海波重科,湖北,建筑工程,创业板,20160719
1950,300518.SZ,300518,盛讯达,深圳,软件服务,创业板,20160624
1951,300519.SZ,300519,新光药业,浙江,中成药,创业板,20160624
1952,300520.SZ,300520,科大国创,安徽,软件服务,创业板,20160708
1953,300521.SZ,300521,爱司凯,广东,专用机械,创业板,20160705
1954,300522.SZ,300522,世名科技,江苏,染料涂料,创业板,20160705
1955,300523.SZ,300523,辰安科技,北京,软件服务,创业板,20160726
1956,300525.SZ,300525,博思软件,福建,软件服务,创业板,20160726
1957,300526.SZ,300526,中潜股份,广东,专用机械,创业板,20160802
1958,300527.SZ,300527,中船应急,湖北,专用机械,创业板,20160805
1959,300528.SZ,300528,幸福蓝海,江苏,影视音像,创业板,20160808
1960,300529.SZ,300529,健帆生物,广东,医疗保健,创业板,20160802
1961,300530.SZ,300530,达志科技,广东,化工原料,创业板,20160809
1962,300531.SZ,300531,优博讯,深圳,软件服务,创业板,20160809
1963,300532.SZ,300532,今天国际,深圳,软件服务,创业板,20160818
1964,300533.SZ,300533,冰川网络,深圳,软件服务,创业板,20160818
1965,300534.SZ,300534,陇神戎发,甘肃,中成药,创业板,20160913
1966,300535.SZ,300535,达威股份,四川,化工原料,创业板,20160812
1967,300536.SZ,300536,农尚环境,湖北,建筑工程,创业板,20160920
1968,300537.SZ,300537,广信材料,江苏,染料涂料,创业板,20160830
1969,300538.SZ,300538,同益股份,深圳,批发业,创业板,20160826
1970,300539.SZ,300539,横河模具,浙江,塑料,创业板,20160830
1971,300540.SZ,300540,深冷股份,四川,专用机械,创业板,20160823
1972,300541.SZ,300541,先进数通,北京,软件服务,创业板,20160913
1973,300542.SZ,300542,新晨科技,北京,软件服务,创业板,20160920
1974,300543.SZ,300543,朗科智能,深圳,电气设备,创业板,20160908
1975,300545.SZ,300545,联得装备,深圳,专用机械,创业板,20160928
1976,300546.SZ,300546,雄帝科技,深圳,元器件,创业板,20160928
1977,300547.SZ,300547,川环科技,四川,橡胶,创业板,20160930
1978,300548.SZ,300548,博创科技,浙江,元器件,创业板,20161012
1979,300549.SZ,300549,优德精密,江苏,专用机械,创业板,20160930
1980,300550.SZ,300550,和仁科技,浙江,软件服务,创业板,20161018
1981,300551.SZ,300551,古鳌科技,上海,IT设备,创业板,20161018
1982,300552.SZ,300552,万集科技,北京,软件服务,创业板,20161021
1983,300553.SZ,300553,集智股份,浙江,电器仪表,创业板,20161021
1984,300554.SZ,300554,三超新材,江苏,矿物制品,创业板,20170421
1985,300555.SZ,300555,路通视信,江苏,通信设备,创业板,20161018
1986,300556.SZ,300556,丝路视觉,深圳,软件服务,创业板,20161104
1987,300557.SZ,300557,理工光科,湖北,电器仪表,创业板,20161101
1988,300558.SZ,300558,贝达药业,浙江,化学制药,创业板,20161107
1989,300559.SZ,300559,佳发教育,四川,软件服务,创业板,20161101
1990,300560.SZ,300560,中富通,福建,通信设备,创业板,20161101
1991,300561.SZ,300561,汇金科技,广东,软件服务,创业板,20161117
1992,300562.SZ,300562,乐心医疗,广东,医疗保健,创业板,20161116
1993,300563.SZ,300563,神宇股份,江苏,通信设备,创业板,20161114
1994,300564.SZ,300564,筑博设计,西藏,建筑工程,创业板,20191108
1995,300565.SZ,300565,科信技术,深圳,通信设备,创业板,20161122
1996,300566.SZ,300566,激智科技,浙江,元器件,创业板,20161115
1997,300567.SZ,300567,精测电子,湖北,电器仪表,创业板,20161122
1998,300568.SZ,300568,星源材质,深圳,化工原料,创业板,20161201
1999,300569.SZ,300569,天能重工,山东,专用机械,创业板,20161125
2000,300570.SZ,300570,太辰光,深圳,元器件,创业板,20161206
2001,300571.SZ,300571,平治信息,浙江,互联网,创业板,20161213
2002,300572.SZ,300572,安车检测,深圳,电器仪表,创业板,20161206
2003,300573.SZ,300573,兴齐眼药,辽宁,化学制药,创业板,20161208
2004,300575.SZ,300575,中旗股份,江苏,农药化肥,创业板,20161220
2005,300576.SZ,300576,容大感光,深圳,染料涂料,创业板,20161220
2006,300577.SZ,300577,开润股份,安徽,纺织,创业板,20161221
2007,300578.SZ,300578,会畅通讯,上海,通信设备,创业板,20170125
2008,300579.SZ,300579,数字认证,北京,软件服务,创业板,20161223
2009,300580.SZ,300580,贝斯特,江苏,汽车配件,创业板,20170111
2010,300581.SZ,300581,晨曦航空,陕西,航空,创业板,20161220
2011,300582.SZ,300582,英飞特,浙江,半导体,创业板,20161228
2012,300583.SZ,300583,赛托生物,山东,生物制药,创业板,20170106
2013,300584.SZ,300584,海辰药业,江苏,化学制药,创业板,20170112
2014,300585.SZ,300585,奥联电子,江苏,汽车配件,创业板,20161229
2015,300586.SZ,300586,美联新材,广东,化工原料,创业板,20170104
2016,300587.SZ,300587,天铁股份,浙江,橡胶,创业板,20170105
2017,300588.SZ,300588,熙菱信息,新疆,软件服务,创业板,20170105
2018,300589.SZ,300589,江龙船艇,广东,船舶,创业板,20170113
2019,300590.SZ,300590,移为通信,上海,通信设备,创业板,20170111
2020,300591.SZ,300591,万里马,广东,服饰,创业板,20170110
2021,300592.SZ,300592,华凯创意,湖南,软件服务,创业板,20170120
2022,300593.SZ,300593,新雷能,北京,电气设备,创业板,20170113
2023,300594.SZ,300594,朗进科技,山东,运输设备,创业板,20190621
2024,300595.SZ,300595,欧普康视,安徽,医疗保健,创业板,20170117
2025,300596.SZ,300596,利安隆,天津,化工原料,创业板,20170119
2026,300597.SZ,300597,吉大通信,吉林,通信设备,创业板,20170123
2027,300598.SZ,300598,诚迈科技,江苏,软件服务,创业板,20170120
2028,300599.SZ,300599,雄塑科技,广东,塑料,创业板,20170123
2029,300600.SZ,300600,国瑞科技,江苏,电气设备,创业板,20170125
2030,300601.SZ,300601,康泰生物,深圳,生物制药,创业板,20170207
2031,300602.SZ,300602,飞荣达,深圳,元器件,创业板,20170126
2032,300603.SZ,300603,立昂技术,新疆,通信设备,创业板,20170126
2033,300604.SZ,300604,长川科技,浙江,专用机械,创业板,20170417
2034,300605.SZ,300605,恒锋信息,福建,软件服务,创业板,20170208
2035,300606.SZ,300606,金太阳,广东,矿物制品,创业板,20170208
2036,300607.SZ,300607,拓斯达,广东,专用机械,创业板,20170209
2037,300608.SZ,300608,思特奇,北京,软件服务,创业板,20170213
2038,300609.SZ,300609,汇纳科技,上海,互联网,创业板,20170215
2039,300610.SZ,300610,晨化股份,江苏,化工原料,创业板,20170213
2040,300611.SZ,300611,美力科技,浙江,机械基件,创业板,20170220
2041,300612.SZ,300612,宣亚国际,北京,广告包装,创业板,20170215
2042,300613.SZ,300613,富瀚微,上海,半导体,创业板,20170220
2043,300615.SZ,300615,欣天科技,深圳,元器件,创业板,20170215
2044,300616.SZ,300616,尚品宅配,广东,家居用品,创业板,20170307
2045,300617.SZ,300617,安靠智电,江苏,电气设备,创业板,20170228
2046,300618.SZ,300618,寒锐钴业,江苏,小金属,创业板,20170306
2047,300619.SZ,300619,金银河,广东,专用机械,创业板,20170301
2048,300620.SZ,300620,光库科技,广东,元器件,创业板,20170310
2049,300621.SZ,300621,维业股份,深圳,装修装饰,创业板,20170316
2050,300622.SZ,300622,博士眼镜,深圳,其他商业,创业板,20170315
2051,300623.SZ,300623,捷捷微电,江苏,半导体,创业板,20170314
2052,300624.SZ,300624,万兴科技,西藏,软件服务,创业板,20180118
2053,300625.SZ,300625,三雄极光,广东,半导体,创业板,20170317
2054,300626.SZ,300626,华瑞股份,浙江,电气设备,创业板,20170320
2055,300627.SZ,300627,华测导航,上海,通信设备,创业板,20170321
2056,300628.SZ,300628,亿联网络,福建,通信设备,创业板,20170317
2057,300629.SZ,300629,新劲刚,广东,元器件,创业板,20170324
2058,300630.SZ,300630,普利制药,海南,化学制药,创业板,20170328
2059,300631.SZ,300631,久吾高科,江苏,环境保护,创业板,20170323
2060,300632.SZ,300632,光莆股份,福建,半导体,创业板,20170406
2061,300633.SZ,300633,开立医疗,深圳,医疗保健,创业板,20170406
2062,300634.SZ,300634,彩讯股份,深圳,软件服务,创业板,20180323
2063,300635.SZ,300635,中达安,广东,建筑工程,创业板,20170331
2064,300636.SZ,300636,同和药业,江西,化学制药,创业板,20170331
2065,300637.SZ,300637,扬帆新材,浙江,化工原料,创业板,20170412
2066,300638.SZ,300638,广和通,深圳,通信设备,创业板,20170413
2067,300639.SZ,300639,凯普生物,广东,医疗保健,创业板,20170412
2068,300640.SZ,300640,德艺文创,福建,文教休闲,创业板,20170417
2069,300641.SZ,300641,正丹股份,江苏,化工原料,创业板,20170418
2070,300642.SZ,300642,透景生命,上海,医疗保健,创业板,20170421
2071,300643.SZ,300643,万通智控,浙江,汽车配件,创业板,20170505
2072,300644.SZ,300644,南京聚隆,江苏,塑料,创业板,20180206
2073,300645.SZ,300645,正元智慧,浙江,软件服务,创业板,20170421
2074,300647.SZ,300647,超频三,深圳,元器件,创业板,20170503
2075,300648.SZ,300648,星云股份,福建,电器仪表,创业板,20170425
2076,300649.SZ,300649,杭州园林,浙江,建筑工程,创业板,20170505
2077,300650.SZ,300650,太龙照明,福建,电气设备,创业板,20170503
2078,300651.SZ,300651,金陵体育,江苏,文教休闲,创业板,20170509
2079,300652.SZ,300652,雷迪克,浙江,汽车配件,创业板,20170516
2080,300653.SZ,300653,正海生物,山东,医疗保健,创业板,20170516
2081,300654.SZ,300654,世纪天鸿,山东,出版业,创业板,20170926
2082,300655.SZ,300655,晶瑞股份,江苏,化工原料,创业板,20170523
2083,300656.SZ,300656,民德电子,深圳,IT设备,创业板,20170519
2084,300657.SZ,300657,弘信电子,福建,元器件,创业板,20170523
2085,300658.SZ,300658,延江股份,福建,纺织,创业板,20170602
2086,300659.SZ,300659,中孚信息,山东,软件服务,创业板,20170526
2087,300660.SZ,300660,江苏雷利,江苏,电气设备,创业板,20170602
2088,300661.SZ,300661,圣邦股份,北京,元器件,创业板,20170606
2089,300662.SZ,300662,科锐国际,北京,综合类,创业板,20170608
2090,300663.SZ,300663,科蓝软件,北京,软件服务,创业板,20170608
2091,300664.SZ,300664,鹏鹞环保,江苏,环境保护,创业板,20180105
2092,300665.SZ,300665,飞鹿股份,湖南,染料涂料,创业板,20170613
2093,300666.SZ,300666,江丰电子,浙江,元器件,创业板,20170615
2094,300667.SZ,300667,必创科技,北京,电器仪表,创业板,20170619
2095,300668.SZ,300668,杰恩设计,深圳,装修装饰,创业板,20170619
2096,300669.SZ,300669,沪宁股份,浙江,机械基件,创业板,20170629
2097,300670.SZ,300670,大烨智能,江苏,电气设备,创业板,20170703
2098,300671.SZ,300671,富满电子,深圳,半导体,创业板,20170705
2099,300672.SZ,300672,国科微,湖南,半导体,创业板,20170712
2100,300673.SZ,300673,佩蒂股份,浙江,饲料,创业板,20170711
2101,300674.SZ,300674,宇信科技,北京,软件服务,创业板,20181107
2102,300675.SZ,300675,建科院,深圳,建筑工程,创业板,20170719
2103,300676.SZ,300676,华大基因,深圳,医疗保健,创业板,20170714
2104,300677.SZ,300677,英科医疗,山东,医疗保健,创业板,20170721
2105,300678.SZ,300678,中科信息,四川,软件服务,创业板,20170728
2106,300679.SZ,300679,电连技术,深圳,元器件,创业板,20170731
2107,300680.SZ,300680,隆盛科技,江苏,汽车配件,创业板,20170725
2108,300681.SZ,300681,英搏尔,广东,汽车配件,创业板,20170725
2109,300682.SZ,300682,朗新科技,江苏,软件服务,创业板,20170801
2110,300683.SZ,300683,海特生物,湖北,生物制药,创业板,20170808
2111,300684.SZ,300684,中石科技,北京,化工原料,创业板,20171227
2112,300685.SZ,300685,艾德生物,福建,生物制药,创业板,20170802
2113,300686.SZ,300686,智动力,深圳,元器件,创业板,20170804
2114,300687.SZ,300687,赛意信息,广东,软件服务,创业板,20170803
2115,300688.SZ,300688,创业黑马,北京,综合类,创业板,20170810
2116,300689.SZ,300689,澄天伟业,深圳,元器件,创业板,20170809
2117,300690.SZ,300690,双一科技,山东,电气设备,创业板,20170808
2118,300691.SZ,300691,联合光电,广东,元器件,创业板,20170811
2119,300692.SZ,300692,中环环保,安徽,环境保护,创业板,20170821
2120,300693.SZ,300693,盛弘股份,深圳,电气设备,创业板,20170822
2121,300694.SZ,300694,蠡湖股份,江苏,汽车配件,创业板,20181015
2122,300695.SZ,300695,兆丰股份,浙江,汽车配件,创业板,20170908
2123,300696.SZ,300696,爱乐达,四川,航空,创业板,20170822
2124,300697.SZ,300697,电工合金,江苏,铜,创业板,20170907
2125,300698.SZ,300698,万马科技,浙江,通信设备,创业板,20170831
2126,300699.SZ,300699,光威复材,山东,化工原料,创业板,20170901
2127,300700.SZ,300700,岱勒新材,湖南,矿物制品,创业板,20170912
2128,300701.SZ,300701,森霸传感,河南,元器件,创业板,20170915
2129,300702.SZ,300702,天宇股份,浙江,化学制药,创业板,20170919
2130,300703.SZ,300703,创源股份,浙江,文教休闲,创业板,20170919
2131,300705.SZ,300705,九典制药,湖南,化学制药,创业板,20171010
2132,300706.SZ,300706,阿石创,福建,元器件,创业板,20170926
2133,300707.SZ,300707,威唐工业,江苏,专用机械,创业板,20171010
2134,300708.SZ,300708,聚灿光电,江苏,半导体,创业板,20171016
2135,300709.SZ,300709,精研科技,江苏,元器件,创业板,20171019
2136,300710.SZ,300710,万隆光电,浙江,通信设备,创业板,20171019
2137,300711.SZ,300711,广哈通信,广东,通信设备,创业板,20171101
2138,300712.SZ,300712,永福股份,福建,建筑工程,创业板,20171031
2139,300713.SZ,300713,英可瑞,深圳,电气设备,创业板,20171101
2140,300715.SZ,300715,凯伦股份,江苏,其他建材,创业板,20171026
2141,300716.SZ,300716,国立科技,广东,塑料,创业板,20171109
2142,300717.SZ,300717,华信新材,江苏,塑料,创业板,20171106
2143,300718.SZ,300718,长盛轴承,浙江,机械基件,创业板,20171106
2144,300719.SZ,300719,安达维尔,北京,航空,创业板,20171109
2145,300720.SZ,300720,海川智能,广东,电器仪表,创业板,20171106
2146,300721.SZ,300721,怡达股份,江苏,化工原料,创业板,20171115
2147,300722.SZ,300722,新余国科,江西,专用机械,创业板,20171110
2148,300723.SZ,300723,一品红,广东,化学制药,创业板,20171116
2149,300724.SZ,300724,捷佳伟创,深圳,专用机械,创业板,20180810
2150,300725.SZ,300725,药石科技,江苏,化学制药,创业板,20171110
2151,300726.SZ,300726,宏达电子,湖南,元器件,创业板,20171121
2152,300727.SZ,300727,润禾材料,浙江,化工原料,创业板,20171127
2153,300729.SZ,300729,乐歌股份,浙江,家居用品,创业板,20171201
2154,300730.SZ,300730,科创信息,湖南,软件服务,创业板,20171205
2155,300731.SZ,300731,科创新源,深圳,橡胶,创业板,20171208
2156,300732.SZ,300732,设研院,河南,建筑工程,创业板,20171212
2157,300733.SZ,300733,西菱动力,四川,汽车配件,创业板,20180116
2158,300735.SZ,300735,光弘科技,广东,通信设备,创业板,20171229
2159,300736.SZ,300736,百邦科技,北京,通信设备,创业板,20180109
2160,300737.SZ,300737,科顺股份,广东,其他建材,创业板,20180125
2161,300738.SZ,300738,奥飞数据,广东,电信运营,创业板,20180119
2162,300739.SZ,300739,明阳电路,深圳,元器件,创业板,20180201
2163,300740.SZ,300740,御家汇,湖南,日用化工,创业板,20180208
2164,300741.SZ,300741,华宝股份,西藏,食品,创业板,20180301
2165,300742.SZ,300742,越博动力,江苏,汽车配件,创业板,20180508
2166,300743.SZ,300743,天地数码,浙江,IT设备,创业板,20180427
2167,300745.SZ,300745,欣锐科技,深圳,汽车配件,创业板,20180523
2168,300746.SZ,300746,汉嘉设计,浙江,建筑工程,创业板,20180525
2169,300747.SZ,300747,锐科激光,湖北,元器件,创业板,20180625
2170,300748.SZ,300748,金力永磁,江西,元器件,创业板,20180921
2171,300749.SZ,300749,顶固集创,广东,家居用品,创业板,20180925
2172,300750.SZ,300750,宁德时代,福建,电气设备,创业板,20180611
2173,300751.SZ,300751,迈为股份,江苏,专用机械,创业板,20181109
2174,300752.SZ,300752,隆利科技,深圳,元器件,创业板,20181130
2175,300753.SZ,300753,爱朋医疗,江苏,医疗保健,创业板,20181213
2176,300755.SZ,300755,华致酒行,云南,其他商业,创业板,20190129
2177,300756.SZ,300756,中山金马,广东,专用机械,创业板,20181228
2178,300757.SZ,300757,罗博特科,江苏,专用机械,创业板,20190108
2179,300758.SZ,300758,七彩化学,辽宁,染料涂料,创业板,20190222
2180,300759.SZ,300759,康龙化成,北京,化学制药,创业板,20190128
2181,300760.SZ,300760,迈瑞医疗,深圳,医疗保健,创业板,20181016
2182,300761.SZ,300761,立华股份,江苏,农业综合,创业板,20190218
2183,300762.SZ,300762,上海瀚讯,上海,通信设备,创业板,20190314
2184,300763.SZ,300763,锦浪科技,浙江,电气设备,创业板,20190319
2185,300765.SZ,300765,新诺威,河北,食品,创业板,20190322
2186,300766.SZ,300766,每日互动,浙江,互联网,创业板,20190325
2187,300767.SZ,300767,震安科技,云南,橡胶,创业板,20190329
2188,300768.SZ,300768,迪普科技,浙江,软件服务,创业板,20190412
2189,300769.SZ,300769,德方纳米,深圳,化工原料,创业板,20190415
2190,300770.SZ,300770,新媒股份,广东,影视音像,创业板,20190419
2191,300771.SZ,300771,智莱科技,深圳,IT设备,创业板,20190422
2192,300772.SZ,300772,运达股份,浙江,电气设备,创业板,20190426
2193,300773.SZ,300773,拉卡拉,北京,软件服务,创业板,20190425
2194,300775.SZ,300775,三角防务,陕西,航空,创业板,20190521
2195,300776.SZ,300776,帝尔激光,湖北,专用机械,创业板,20190517
2196,300777.SZ,300777,中简科技,江苏,化纤,创业板,20190516
2197,300778.SZ,300778,新城市,深圳,建筑工程,创业板,20190510
2198,300779.SZ,300779,惠城环保,山东,环境保护,创业板,20190522
2199,300780.SZ,300780,德恩精工,四川,机械基件,创业板,20190531
2200,300781.SZ,300781,因赛集团,广东,广告包装,创业板,20190606
2201,300782.SZ,300782,卓胜微,江苏,元器件,创业板,20190618
2202,300783.SZ,300783,三只松鼠,安徽,食品,创业板,20190712
2203,300785.SZ,300785,值得买,北京,互联网,创业板,20190715
2204,300786.SZ,300786,国林科技,山东,环境保护,创业板,20190723
2205,300787.SZ,300787,海能实业,江西,通信设备,创业板,20190815
2206,300788.SZ,300788,中信出版,北京,出版业,创业板,20190705
2207,300789.SZ,300789,唐源电气,四川,软件服务,创业板,20190828
2208,300790.SZ,300790,宇瞳光学,广东,电器仪表,创业板,20190920
2209,300791.SZ,300791,仙乐健康,广东,医疗保健,创业板,20190925
2210,300792.SZ,300792,壹网壹创,浙江,互联网,创业板,20190927
2211,300793.SZ,300793,佳禾智能,广东,IT设备,创业板,20191018
2212,300795.SZ,300795,米奥会展,浙江,综合类,创业板,20191022
2213,300796.SZ,300796,贝斯美,浙江,化工原料,创业板,20191115
2214,300797.SZ,300797,钢研纳克,北京,电器仪表,创业板,20191101
2215,300798.SZ,300798,锦鸡股份,江苏,染料涂料,创业板,20191122
2216,300799.SZ,300799,左江科技,北京,软件服务,创业板,20191029
2217,300800.SZ,300800,力合科技,湖南,电器仪表,创业板,20191106
2218,300801.SZ,300801,泰和科技,山东,化工原料,创业板,20191128
2219,300802.SZ,300802,矩子科技,上海,IT设备,创业板,20191114
2220,300803.SZ,300803,指南针,北京,软件服务,创业板,20191118
2221,300805.SZ,300805,电声股份,广东,广告包装,创业板,20191121
2222,300806.SZ,300806,斯迪克,江苏,塑料,创业板,20191125
2223,300807.SZ,300807,天迈科技,河南,软件服务,创业板,20191219
2224,300808.SZ,300808,久量股份,广东,家用电器,创业板,20191129
2225,300809.SZ,300809,华辰装备,江苏,机床制造,创业板,20191204
2226,300810.SZ,300810,中科海讯,北京,软件服务,创业板,20191206
2227,300811.SZ,300811,铂科新材,深圳,元器件,创业板,20191230
2228,300812.SZ,300812,易天股份,深圳,专用机械,创业板,20200109
2229,300813.SZ,300813,泰林生物,浙江,医疗保健,创业板,20200114
2230,300815.SZ,300815,玉禾田,安徽,环境保护,创业板,20200123
2231,300816.SZ,300816,艾可蓝,安徽,环境保护,创业板,20200210
2232,300817.SZ,300817,双飞股份,浙江,机械基件,创业板,20200218
2233,300818.SZ,300818,耐普矿机,江西,专用机械,创业板,20200212
2234,300819.SZ,300819,聚杰微纤,江苏,化纤,创业板,20200312
2235,300820.SZ,300820,英杰电气,四川,电气设备,创业板,20200213
2236,300821.SZ,300821,东岳硅材,山东,化工原料,创业板,20200312
2237,300822.SZ,300822,贝仕达克,深圳,元器件,创业板,20200313
2238,300823.SZ,300823,建科机械,天津,专用机械,创业板,20200319
2239,300824.SZ,300824,北鼎股份,深圳,家用电器,创业板,20200619
2240,300825.SZ,300825,阿尔特,北京,汽车服务,创业板,20200327
2241,300826.SZ,300826,测绘股份,江苏,建筑工程,创业板,20200403
2242,300827.SZ,300827,上能电气,江苏,电气设备,创业板,20200410
2243,300828.SZ,300828,锐新科技,天津,铝,创业板,20200421
2244,300829.SZ,300829,金丹科技,河南,食品,创业板,20200422
2245,300830.SZ,300830,金现代,山东,软件服务,创业板,20200506
2246,300831.SZ,300831,派瑞股份,陕西,元器件,创业板,20200507
2247,300832.SZ,300832,新产业,深圳,医疗保健,创业板,20200512
2248,300833.SZ,300833,浩洋股份,广东,专用机械,创业板,20200520
2249,300835.SZ,300835,龙磁科技,安徽,元器件,创业板,20200525
2250,300836.SZ,300836,佰奥智能,江苏,专用机械,创业板,20200528
2251,300837.SZ,300837,浙矿股份,浙江,专用机械,创业板,20200605
2252,300838.SZ,300838,浙江力诺,浙江,电器仪表,创业板,20200608
2253,300839.SZ,300839,博汇股份,浙江,石油加工,创业板,20200630
2254,300840.SZ,300840,酷特智能,山东,服饰,创业板,20200708
2255,300841.SZ,300841,康华生物,四川,生物制药,创业板,20200616
2256,300842.SZ,300842,帝科股份,江苏,半导体,创业板,20200618
2257,300843.SZ,300843,胜蓝股份,广东,元器件,创业板,20200702
2258,300845.SZ,300845,捷安高科,河南,软件服务,创业板,20200703
2259,300846.SZ,300846,首都在线,北京,软件服务,创业板,20200701
2260,300847.SZ,300847,中船汉光,河北,化工原料,创业板,20200709
2261,300848.SZ,300848,美瑞新材,山东,化工原料,创业板,20200720
2262,300849.SZ,300849,锦盛新材,浙江,塑料,创业板,20200710
2263,300850.SZ,300850,新强联,河南,机械基件,创业板,20200713
2264,300851.SZ,300851,交大思诺,北京,软件服务,创业板,20200717
2265,300852.SZ,300852,四会富仕,广东,元器件,创业板,20200713
2266,300853.SZ,300853,申昊科技,浙江,机械基件,创业板,20200724
2267,300855.SZ,300855,图南股份,江苏,钢加工,创业板,20200723
2268,300856.SZ,300856,科思股份,江苏,化工原料,创业板,20200722
2269,300857.SZ,300857,协创数据,深圳,IT设备,创业板,20200727
2270,300858.SZ,300858,科拓生物,北京,食品,创业板,20200727
2271,300859.SZ,300859,西域旅游,新疆,旅游服务,创业板,20200806
2272,300860.SZ,300860,锋尚文化,北京,文教休闲,创业板,20200824
2273,300861.SZ,300861,美畅股份,陕西,矿物制品,创业板,20200824
2274,300862.SZ,300862,蓝盾光电,安徽,电器仪表,创业板,20200824
2275,300863.SZ,300863,卡倍亿,浙江,汽车配件,创业板,20200824
2276,300864.SZ,300864,南大环境,江苏,环境保护,创业板,20200824
2277,300865.SZ,300865,大宏立,四川,专用机械,创业板,20200824
2278,300866.SZ,300866,安克创新,湖南,元器件,创业板,20200824
2279,300867.SZ,300867,圣元环保,福建,环境保护,创业板,20200824
2280,300868.SZ,300868,杰美特,深圳,通信设备,创业板,20200824
2281,300869.SZ,300869,康泰医学,河北,医疗保健,创业板,20200824
2282,300870.SZ,300870,欧陆通,深圳,元器件,创业板,20200824
2283,300871.SZ,300871,回盛生物,湖北,农业综合,创业板,20200824
2284,300872.SZ,300872,天阳科技,西藏,软件服务,创业板,20200824
2285,300873.SZ,300873,海晨股份,江苏,仓储物流,创业板,20200824
2286,300875.SZ,300875,捷强装备,天津,专用机械,创业板,20200824
2287,300876.SZ,300876,蒙泰高新,广东,化纤,创业板,20200824
2288,300877.SZ,300877,金春股份,安徽,纺织,创业板,20200824
2289,300878.SZ,300878,维康药业,浙江,中成药,创业板,20200824
2290,300879.SZ,300879,大叶股份,浙江,农用机械,创业板,20200901
2291,300880.SZ,300880,迦南智能,浙江,电器仪表,创业板,20200901
2292,300881.SZ,300881,盛德鑫泰,江苏,钢加工,创业板,20200901
2293,300882.SZ,300882,万胜智能,浙江,电器仪表,创业板,20200910
2294,300883.SZ,300883,龙利得,安徽,造纸,创业板,20200910
2295,300884.SZ,300884,狄耐克,福建,通信设备,创业板,20201112
2296,300885.SZ,300885,海昌新材,江苏,机械基件,创业板,20200910
2297,300886.SZ,300886,华业香料,安徽,化工原料,创业板,20200916
2298,300887.SZ,300887,谱尼测试,北京,综合类,创业板,20200916
2299,300888.SZ,300888,稳健医疗,深圳,医疗保健,创业板,20200917
2300,300889.SZ,300889,爱克股份,深圳,电气设备,创业板,20200916
2301,300890.SZ,300890,翔丰华,深圳,矿物制品,创业板,20200917
2302,300891.SZ,300891,惠云钛业,广东,化工原料,创业板,20200917
2303,300892.SZ,300892,品渥食品,上海,乳制品,创业板,20200924
2304,300893.SZ,300893,松原股份,浙江,汽车配件,创业板,20200924
2305,300895.SZ,300895,铜牛信息,北京,软件服务,创业板,20200924
2306,300896.SZ,300896,爱美客,北京,医疗保健,创业板,20200928
2307,300897.SZ,300897,山科智能,浙江,电器仪表,创业板,20200928
2308,300898.SZ,300898,熊猫乳品,浙江,乳制品,创业板,20201016
2309,300899.SZ,300899,上海凯鑫,上海,环境保护,创业板,20201016
2310,300900.SZ,300900,广联航空,黑龙江,航空,创业板,20201029
2311,300901.SZ,300901,中胤时尚,浙江,服饰,创业板,20201029
2312,300902.SZ,300902,国安达,福建,专用机械,创业板,20201029
2313,300903.SZ,300903,科翔股份,广东,元器件,创业板,20201105
2314,300905.SZ,300905,宝丽迪,江苏,塑料,创业板,20201105
2315,300906.SZ,300906,日月明,江西,专用机械,创业板,20201105
2316,300907.SZ,300907,康平科技,江苏,电气设备,创业板,20201118
2317,300908.SZ,300908,仲景食品,河南,食品,创业板,20201123
2318,300909.SZ,300909,汇创达,深圳,元器件,创业板,20201118
2319,300910.SZ,300910,瑞丰新材,河南,化工原料,创业板,20201127
2320,300911.SZ,300911,亿田智能,浙江,家用电器,创业板,20201203
2321,300912.SZ,300912,凯龙高科,江苏,环境保护,创业板,20201207
2322,300913.SZ,300913,兆龙互连,浙江,电气设备,创业板,20201207
2323,300915.SZ,300915,海融科技,上海,食品,创业板,20201202
2324,300916.SZ,300916,朗特智能,深圳,元器件,创业板,20201202
2325,300917.SZ,300917,特发服务,深圳,房产服务,创业板,20201221
2326,300999.SZ,300999,金龙鱼,上海,食品,创业板,20201015
2327,600000.SH,600000,浦发银行,上海,银行,主板,19991110
2328,600004.SH,600004,白云机场,广东,机场,主板,20030428
2329,600006.SH,600006,东风汽车,湖北,汽车整车,主板,19990727
2330,600007.SH,600007,中国国贸,北京,园区开发,主板,19990312
2331,600008.SH,600008,首创股份,北京,环境保护,主板,20000427
2332,600009.SH,600009,上海机场,上海,机场,主板,19980218
2333,600010.SH,600010,包钢股份,内蒙,普钢,主板,20010309
2334,600011.SH,600011,华能国际,北京,火力发电,主板,20011206
2335,600012.SH,600012,皖通高速,安徽,路桥,主板,20030107
2336,600015.SH,600015,华夏银行,北京,银行,主板,20030912
2337,600016.SH,600016,民生银行,北京,银行,主板,20001219
2338,600017.SH,600017,日照港,山东,港口,主板,20061017
2339,600018.SH,600018,上港集团,上海,港口,主板,20061026
2340,600019.SH,600019,宝钢股份,上海,普钢,主板,20001212
2341,600020.SH,600020,中原高速,河南,路桥,主板,20030808
2342,600021.SH,600021,上海电力,上海,火力发电,主板,20031029
2343,600022.SH,600022,山东钢铁,山东,普钢,主板,20040629
2344,600023.SH,600023,浙能电力,浙江,火力发电,主板,20131219
2345,600025.SH,600025,华能水电,云南,水力发电,主板,20171215
2346,600026.SH,600026,中远海能,上海,水运,主板,20020523
2347,600027.SH,600027,华电国际,山东,火力发电,主板,20050203
2348,600028.SH,600028,中国石化,北京,石油加工,主板,20010808
2349,600029.SH,600029,南方航空,广东,空运,主板,20030725
2350,600030.SH,600030,中信证券,深圳,证券,主板,20030106
2351,600031.SH,600031,三一重工,北京,工程机械,主板,20030703
2352,600033.SH,600033,福建高速,福建,路桥,主板,20010209
2353,600035.SH,600035,楚天高速,湖北,路桥,主板,20040310
2354,600036.SH,600036,招商银行,深圳,银行,主板,20020409
2355,600037.SH,600037,歌华有线,北京,影视音像,主板,20010208
2356,600038.SH,600038,中直股份,黑龙江,航空,主板,20001218
2357,600039.SH,600039,四川路桥,四川,建筑工程,主板,20030325
2358,600048.SH,600048,保利地产,广东,全国地产,主板,20060731
2359,600050.SH,600050,中国联通,北京,电信运营,主板,20021009
2360,600051.SH,600051,宁波联合,浙江,综合类,主板,19970410
2361,600052.SH,600052,浙江广厦,浙江,影视音像,主板,19970415
2362,600053.SH,600053,九鼎投资,江西,多元金融,主板,19970418
2363,600054.SH,600054,黄山旅游,安徽,旅游景点,主板,19970506
2364,600055.SH,600055,万东医疗,北京,医疗保健,主板,19970519
2365,600056.SH,600056,中国医药,北京,医药商业,主板,19970515
2366,600057.SH,600057,厦门象屿,福建,仓储物流,主板,19970604
2367,600058.SH,600058,五矿发展,北京,商贸代理,主板,19970528
2368,600059.SH,600059,古越龙山,浙江,红黄酒,主板,19970516
2369,600060.SH,600060,海信视像,山东,家用电器,主板,19970422
2370,600061.SH,600061,国投资本,上海,证券,主板,19970519
2371,600062.SH,600062,华润双鹤,北京,化学制药,主板,19970522
2372,600063.SH,600063,皖维高新,安徽,化纤,主板,19970528
2373,600064.SH,600064,南京高科,江苏,园区开发,主板,19970506
2374,600066.SH,600066,宇通客车,河南,汽车整车,主板,19970508
2375,600067.SH,600067,冠城大通,福建,全国地产,主板,19970508
2376,600068.SH,600068,葛洲坝,湖北,建筑工程,主板,19970526
2377,600070.SH,600070,浙江富润,浙江,互联网,主板,19970604
2378,600071.SH,600071,凤凰光学,江西,元器件,主板,19970528
2379,600072.SH,600072,中船科技,上海,船舶,主板,19970603
2380,600073.SH,600073,上海梅林,上海,食品,主板,19970704
2381,600075.SH,600075,新疆天业,新疆,化工原料,主板,19970617
2382,600076.SH,600076,康欣新材,山东,其他建材,主板,19970526
2383,600077.SH,600077,宋都股份,浙江,全国地产,主板,19970520
2384,600078.SH,600078,澄星股份,江苏,化工原料,主板,19970627
2385,600079.SH,600079,人福医药,湖北,化学制药,主板,19970606
2386,600080.SH,600080,ST金花,陕西,中成药,主板,19970612
2387,600081.SH,600081,东风科技,上海,汽车配件,主板,19970703
2388,600082.SH,600082,海泰发展,天津,园区开发,主板,19970620
2389,600083.SH,600083,*ST博信,江苏,综合类,主板,19970606
2390,600084.SH,600084,ST中葡,新疆,红黄酒,主板,19970711
2391,600085.SH,600085,同仁堂,北京,中成药,主板,19970625
2392,600086.SH,600086,*ST金钰,湖北,服饰,主板,19970606
2393,600088.SH,600088,中视传媒,上海,影视音像,主板,19970616
2394,600089.SH,600089,特变电工,新疆,电气设备,主板,19970618
2395,600090.SH,600090,*ST济堂,新疆,医药商业,主板,19970616
2396,600091.SH,600091,ST明科,内蒙,化工原料,主板,19970704
2397,600093.SH,600093,易见股份,四川,仓储物流,主板,19970626
2398,600094.SH,600094,大名城,上海,区域地产,主板,19970703
2399,600095.SH,600095,湘财股份,黑龙江,证券,主板,19970708
2400,600096.SH,600096,云天化,云南,农药化肥,主板,19970709
2401,600097.SH,600097,开创国际,上海,渔业,主板,19970619
2402,600098.SH,600098,广州发展,广东,火力发电,主板,19970718
2403,600099.SH,600099,林海股份,江苏,摩托车,主板,19970704
2404,600100.SH,600100,同方股份,北京,IT设备,主板,19970627
2405,600101.SH,600101,明星电力,四川,水力发电,主板,19970627
2406,600103.SH,600103,青山纸业,福建,造纸,主板,19970703
2407,600104.SH,600104,上汽集团,上海,汽车整车,主板,19971125
2408,600105.SH,600105,永鼎股份,江苏,通信设备,主板,19970929
2409,600106.SH,600106,重庆路桥,重庆,路桥,主板,19970618
2410,600107.SH,600107,美尔雅,湖北,服饰,主板,19971106
2411,600108.SH,600108,亚盛集团,甘肃,农业综合,主板,19970818
2412,600109.SH,600109,国金证券,四川,证券,主板,19970807
2413,600110.SH,600110,诺德股份,吉林,电气设备,主板,19971007
2414,600111.SH,600111,北方稀土,内蒙,小金属,主板,19970924
2415,600112.SH,600112,ST天成,贵州,电气设备,主板,19971127
2416,600113.SH,600113,浙江东日,浙江,区域地产,主板,19971021
2417,600114.SH,600114,东睦股份,浙江,机械基件,主板,20040511
2418,600115.SH,600115,东方航空,上海,空运,主板,19971105
2419,600116.SH,600116,三峡水利,重庆,水力发电,主板,19970804
2420,600117.SH,600117,西宁特钢,青海,特种钢,主板,19971015
2421,600118.SH,600118,中国卫星,北京,航空,主板,19970908
2422,600119.SH,600119,ST长投,上海,仓储物流,主板,19980115
2423,600120.SH,600120,浙江东方,浙江,多元金融,主板,19971201
2424,600121.SH,600121,郑州煤电,河南,煤炭开采,主板,19980107
2425,600122.SH,600122,*ST宏图,江苏,其他商业,主板,19980420
2426,600123.SH,600123,兰花科创,山西,煤炭开采,主板,19981217
2427,600125.SH,600125,铁龙物流,辽宁,铁路,主板,19980511
2428,600126.SH,600126,杭钢股份,浙江,普钢,主板,19980311
2429,600127.SH,600127,金健米业,湖南,农业综合,主板,19980506
2430,600128.SH,600128,弘业股份,江苏,商贸代理,主板,19970901
2431,600129.SH,600129,太极集团,重庆,中成药,主板,19971118
2432,600130.SH,600130,波导股份,浙江,通信设备,主板,20000706
2433,600131.SH,600131,国网信通,四川,通信设备,主板,19980402
2434,600132.SH,600132,重庆啤酒,重庆,啤酒,主板,19971030
2435,600133.SH,600133,东湖高新,湖北,园区开发,主板,19980212
2436,600135.SH,600135,乐凯胶片,河北,化工原料,主板,19980122
2437,600136.SH,600136,当代文体,湖北,影视音像,主板,19980303
2438,600137.SH,600137,浪莎股份,四川,服饰,主板,19980416
2439,600138.SH,600138,中青旅,北京,旅游服务,主板,19971203
2440,600139.SH,600139,西部资源,四川,综合类,主板,19980225
2441,600141.SH,600141,兴发集团,湖北,化工原料,主板,19990616
2442,600143.SH,600143,金发科技,广东,塑料,主板,20040623
2443,600145.SH,600145,*ST新亿,新疆,陶瓷,主板,19990923
2444,600146.SH,600146,*ST环球,宁夏,服饰,主板,19990707
2445,600148.SH,600148,长春一东,吉林,汽车配件,主板,19980520
2446,600149.SH,600149,ST坊展,河北,综合类,主板,19991014
2447,600150.SH,600150,中国船舶,上海,船舶,主板,19980520
2448,600151.SH,600151,航天机电,上海,汽车配件,主板,19980605
2449,600152.SH,600152,维科技术,浙江,电气设备,主板,19980609
2450,600153.SH,600153,建发股份,福建,商贸代理,主板,19980616
2451,600155.SH,600155,华创阳安,北京,证券,主板,19980918
2452,600156.SH,600156,华升股份,湖南,纺织,主板,19980527
2453,600157.SH,600157,*ST永泰,山西,火力发电,主板,19980513
2454,600158.SH,600158,中体产业,天津,文教休闲,主板,19980327
2455,600159.SH,600159,大龙地产,北京,区域地产,主板,19980526
2456,600160.SH,600160,巨化股份,浙江,化工原料,主板,19980626
2457,600161.SH,600161,天坛生物,北京,生物制药,主板,19980616
2458,600162.SH,600162,香江控股,深圳,全国地产,主板,19980609
2459,600163.SH,600163,中闽能源,福建,新型电力,主板,19980602
2460,600165.SH,600165,新日恒力,宁夏,化工原料,主板,19980529
2461,600166.SH,600166,福田汽车,北京,汽车整车,主板,19980602
2462,600167.SH,600167,联美控股,辽宁,供气供热,主板,19990128
2463,600168.SH,600168,武汉控股,湖北,水务,主板,19980427
2464,600169.SH,600169,太原重工,山西,工程机械,主板,19980904
2465,600170.SH,600170,上海建工,上海,建筑工程,主板,19980623
2466,600171.SH,600171,上海贝岭,上海,半导体,主板,19980924
2467,600172.SH,600172,黄河旋风,河南,矿物制品,主板,19981126
2468,600173.SH,600173,卧龙地产,浙江,全国地产,主板,19990415
2469,600176.SH,600176,中国巨石,浙江,玻璃,主板,19990422
2470,600177.SH,600177,雅戈尔,浙江,服饰,主板,19981119
2471,600178.SH,600178,东安动力,黑龙江,汽车配件,主板,19981014
2472,600179.SH,600179,*ST安通,黑龙江,仓储物流,主板,19981104
2473,600180.SH,600180,瑞茂通,山东,仓储物流,主板,19980703
2474,600182.SH,600182,S佳通,黑龙江,汽车配件,主板,19990507
2475,600183.SH,600183,生益科技,广东,元器件,主板,19981028
2476,600184.SH,600184,光电股份,湖北,专用机械,主板,20031106
2477,600185.SH,600185,格力地产,广东,区域地产,主板,19990611
2478,600186.SH,600186,莲花健康,河南,食品,主板,19980825
2479,600187.SH,600187,国中水务,黑龙江,水务,主板,19981111
2480,600188.SH,600188,兖州煤业,山东,煤炭开采,主板,19980701
2481,600189.SH,600189,泉阳泉,吉林,软饮料,主板,19981007
2482,600190.SH,600190,锦州港,辽宁,港口,主板,19990609
2483,600191.SH,600191,华资实业,内蒙,食品,主板,19981210
2484,600192.SH,600192,长城电工,甘肃,电气设备,主板,19981224
2485,600193.SH,600193,ST创兴,上海,装修装饰,主板,19990527
2486,600195.SH,600195,中牧股份,北京,饲料,主板,19990107
2487,600196.SH,600196,复星医药,上海,化学制药,主板,19980807
2488,600197.SH,600197,伊力特,新疆,白酒,主板,19990916
2489,600198.SH,600198,大唐电信,北京,通信设备,主板,19981021
2490,600199.SH,600199,金种子酒,安徽,白酒,主板,19980812
2491,600200.SH,600200,江苏吴中,江苏,化学制药,主板,19990401
2492,600201.SH,600201,生物股份,内蒙,农业综合,主板,19990115
2493,600202.SH,600202,哈空调,黑龙江,电气设备,主板,19990603
2494,600203.SH,600203,福日电子,福建,元器件,主板,19990514
2495,600206.SH,600206,有研新材,北京,半导体,主板,19990319
2496,600207.SH,600207,安彩高科,河南,供气供热,主板,19990714
2497,600208.SH,600208,新湖中宝,浙江,全国地产,主板,19990623
2498,600209.SH,600209,ST罗顿,海南,综合类,主板,19990325
2499,600210.SH,600210,紫江企业,上海,广告包装,主板,19990824
2500,600211.SH,600211,西藏药业,西藏,中成药,主板,19990721
2501,600212.SH,600212,*ST江泉,山东,综合类,主板,19990817
2502,600213.SH,600213,亚星客车,江苏,汽车整车,主板,19990831
2503,600215.SH,600215,*ST经开,吉林,园区开发,主板,19990909
2504,600216.SH,600216,浙江医药,浙江,化学制药,主板,19991021
2505,600217.SH,600217,中再资环,陕西,环境保护,主板,19991216
2506,600218.SH,600218,全柴动力,安徽,农用机械,主板,19981203
2507,600219.SH,600219,南山铝业,山东,铝,主板,19991223
2508,600220.SH,600220,江苏阳光,江苏,纺织,主板,19990927
2509,600221.SH,600221,海航控股,海南,空运,主板,19991125
2510,600222.SH,600222,太龙药业,河南,中成药,主板,19991105
2511,600223.SH,600223,鲁商发展,山东,区域地产,主板,20000113
2512,600225.SH,600225,*ST松江,天津,区域地产,主板,20000127
2513,600226.SH,600226,*ST瀚叶,浙江,互联网,主板,19991116
2514,600227.SH,600227,圣济堂,贵州,化学制药,主板,20000221
2515,600228.SH,600228,ST昌九,江西,化工原料,主板,19990119
2516,600229.SH,600229,城市传媒,山东,出版业,主板,20000309
2517,600230.SH,600230,沧州大化,河北,农药化肥,主板,20000406
2518,600231.SH,600231,凌钢股份,辽宁,普钢,主板,20000511
2519,600232.SH,600232,金鹰股份,浙江,纺织,主板,20000602
2520,600233.SH,600233,圆通速递,辽宁,仓储物流,主板,20000608
2521,600234.SH,600234,ST山水,山西,综合类,主板,20000615
2522,600235.SH,600235,民丰特纸,浙江,造纸,主板,20000615
2523,600236.SH,600236,桂冠电力,广西,水力发电,主板,20000323
2524,600237.SH,600237,铜峰电子,安徽,元器件,主板,20000609
2525,600238.SH,600238,ST椰岛,海南,红黄酒,主板,20000120
2526,600239.SH,600239,云南城投,云南,区域地产,主板,19991202
2527,600241.SH,600241,*ST时万,辽宁,商贸代理,主板,20001128
2528,600242.SH,600242,*ST中昌,广东,软件服务,主板,20001207
2529,600243.SH,600243,*ST海华,青海,机床制造,主板,20001120
2530,600246.SH,600246,万通发展,北京,区域地产,主板,20000922
2531,600247.SH,600247,*ST成城,吉林,商贸代理,主板,20001123
2532,600248.SH,600248,延长化建,陕西,建筑工程,主板,20000622
2533,600249.SH,600249,两面针,广西,日用化工,主板,20040130
2534,600250.SH,600250,南纺股份,江苏,商贸代理,主板,20010306
2535,600251.SH,600251,冠农股份,新疆,农业综合,主板,20030609
2536,600252.SH,600252,中恒集团,广西,中成药,主板,20001130
2537,600255.SH,600255,*ST鑫科,安徽,铜,主板,20001122
2538,600256.SH,600256,广汇能源,新疆,石油开采,主板,20000526
2539,600257.SH,600257,大湖股份,湖南,渔业,主板,20000612
2540,600258.SH,600258,首旅酒店,北京,酒店餐饮,主板,20000601
2541,600259.SH,600259,广晟有色,海南,小金属,主板,20000525
2542,600260.SH,600260,凯乐科技,湖北,通信设备,主板,20000706
2543,600261.SH,600261,阳光照明,浙江,家用电器,主板,20000720
2544,600262.SH,600262,北方股份,内蒙,汽车整车,主板,20000630
2545,600265.SH,600265,ST景谷,云南,林业,主板,20000825
2546,600266.SH,600266,城建发展,北京,区域地产,主板,19990203
2547,600267.SH,600267,海正药业,浙江,化学制药,主板,20000725
2548,600268.SH,600268,国电南自,江苏,电气设备,主板,19991118
2549,600269.SH,600269,赣粤高速,江西,路桥,主板,20000518
2550,600271.SH,600271,航天信息,北京,IT设备,主板,20030711
2551,600272.SH,600272,开开实业,上海,医药商业,主板,20010228
2552,600273.SH,600273,嘉化能源,浙江,化工原料,主板,20030627
2553,600275.SH,600275,ST昌鱼,湖北,农业综合,主板,20000810
2554,600276.SH,600276,恒瑞医药,江苏,化学制药,主板,20001018
2555,600277.SH,600277,亿利洁能,内蒙,化工原料,主板,20000725
2556,600278.SH,600278,东方创业,上海,商贸代理,主板,20000712
2557,600279.SH,600279,重庆港九,重庆,港口,主板,20000731
2558,600280.SH,600280,*ST中商,江苏,百货,主板,20000926
2559,600281.SH,600281,太化股份,山西,综合类,主板,20001109
2560,600282.SH,600282,南钢股份,江苏,普钢,主板,20000919
2561,600283.SH,600283,钱江水利,浙江,水务,主板,20001018
2562,600284.SH,600284,浦东建设,上海,建筑工程,主板,20040316
2563,600285.SH,600285,羚锐制药,河南,中成药,主板,20001018
2564,600287.SH,600287,江苏舜天,江苏,商贸代理,主板,20000901
2565,600288.SH,600288,大恒科技,北京,软件服务,主板,20001129
2566,600289.SH,600289,*ST信通,黑龙江,软件服务,主板,20000720
2567,600290.SH,600290,*ST华仪,浙江,电气设备,主板,20001106
2568,600291.SH,600291,西水股份,内蒙,保险,主板,20000731
2569,600292.SH,600292,远达环保,重庆,环境保护,主板,20001101
2570,600293.SH,600293,三峡新材,湖北,互联网,主板,20000919
2571,600295.SH,600295,鄂尔多斯,内蒙,小金属,主板,20010426
2572,600297.SH,600297,广汇汽车,辽宁,汽车服务,主板,20001116
2573,600298.SH,600298,安琪酵母,湖北,食品,主板,20000818
2574,600299.SH,600299,安迪苏,北京,化学制药,主板,20000420
2575,600300.SH,600300,维维股份,江苏,软饮料,主板,20000630
2576,600301.SH,600301,ST南化,广西,商贸代理,主板,20000712
2577,600302.SH,600302,标准股份,陕西,纺织机械,主板,20001213
2578,600303.SH,600303,曙光股份,辽宁,汽车整车,主板,20001226
2579,600305.SH,600305,恒顺醋业,江苏,食品,主板,20010206
2580,600306.SH,600306,*ST商城,辽宁,百货,主板,20001226
2581,600307.SH,600307,酒钢宏兴,甘肃,普钢,主板,20001220
2582,600308.SH,600308,华泰股份,山东,造纸,主板,20000928
2583,600309.SH,600309,万华化学,山东,化工原料,主板,20010105
2584,600310.SH,600310,桂东电力,广西,水力发电,主板,20010228
2585,600311.SH,600311,*ST荣华,甘肃,黄金,主板,20010626
2586,600312.SH,600312,平高电气,河南,电气设备,主板,20010221
2587,600313.SH,600313,农发种业,北京,种植业,主板,20010119
2588,600315.SH,600315,上海家化,上海,日用化工,主板,20010315
2589,600316.SH,600316,洪都航空,江西,航空,主板,20001215
2590,600317.SH,600317,营口港,辽宁,港口,主板,20020131
2591,600318.SH,600318,新力金融,安徽,多元金融,主板,20001208
2592,600319.SH,600319,ST亚星,山东,化工原料,主板,20010326
2593,600320.SH,600320,振华重工,上海,工程机械,主板,20001221
2594,600321.SH,600321,正源股份,四川,其他建材,主板,20010524
2595,600322.SH,600322,天房发展,天津,区域地产,主板,20010910
2596,600323.SH,600323,瀚蓝环境,广东,水务,主板,20001225
2597,600325.SH,600325,华发股份,广东,区域地产,主板,20040225
2598,600326.SH,600326,西藏天路,西藏,水泥,主板,20010116
2599,600327.SH,600327,大东方,江苏,汽车服务,主板,20020625
2600,600328.SH,600328,中盐化工,内蒙,化工原料,主板,20001222
2601,600329.SH,600329,中新药业,天津,中成药,主板,20010606
2602,600330.SH,600330,天通股份,浙江,元器件,主板,20010118
2603,600331.SH,600331,宏达股份,四川,铅锌,主板,20011220
2604,600332.SH,600332,白云山,广东,中成药,主板,20010206
2605,600333.SH,600333,长春燃气,吉林,供气供热,主板,20001211
2606,600335.SH,600335,国机汽车,天津,汽车配件,主板,20010305
2607,600336.SH,600336,澳柯玛,山东,家用电器,主板,20001229
2608,600337.SH,600337,美克家居,新疆,家居用品,主板,20001127
2609,600338.SH,600338,西藏珠峰,西藏,铅锌,主板,20001227
2610,600339.SH,600339,中油工程,新疆,石油加工,主板,20001225
2611,600340.SH,600340,华夏幸福,河北,区域地产,主板,20031230
2612,600343.SH,600343,航天动力,陕西,航空,主板,20030408
2613,600345.SH,600345,长江通信,湖北,通信设备,主板,20001222
2614,600346.SH,600346,恒力石化,辽宁,化纤,主板,20010820
2615,600348.SH,600348,阳泉煤业,山西,煤炭开采,主板,20030821
2616,600350.SH,600350,山东高速,山东,路桥,主板,20020318
2617,600351.SH,600351,亚宝药业,山西,中成药,主板,20020926
2618,600352.SH,600352,浙江龙盛,浙江,染料涂料,主板,20030801
2619,600353.SH,600353,旭光电子,四川,元器件,主板,20021120
2620,600354.SH,600354,*ST敦种,甘肃,种植业,主板,20040115
2621,600355.SH,600355,精伦电子,湖北,元器件,主板,20020613
2622,600356.SH,600356,恒丰纸业,黑龙江,造纸,主板,20010419
2623,600358.SH,600358,*ST联合,江苏,旅游服务,主板,20000922
2624,600359.SH,600359,新农开发,新疆,农业综合,主板,19990429
2625,600360.SH,600360,华微电子,吉林,半导体,主板,20010316
2626,600361.SH,600361,华联综超,北京,超市连锁,主板,20011129
2627,600362.SH,600362,江西铜业,江西,铜,主板,20020111
2628,600363.SH,600363,联创光电,江西,元器件,主板,20010329
2629,600365.SH,600365,ST通葡,吉林,红黄酒,主板,20010115
2630,600366.SH,600366,宁波韵升,浙江,矿物制品,主板,20001030
2631,600367.SH,600367,红星发展,贵州,化工原料,主板,20010320
2632,600368.SH,600368,五洲交通,广西,路桥,主板,20001221
2633,600369.SH,600369,西南证券,重庆,证券,主板,20010109
2634,600370.SH,600370,三房巷,江苏,纺织,主板,20030306
2635,600371.SH,600371,万向德农,黑龙江,种植业,主板,20020916
2636,600372.SH,600372,中航电子,北京,航空,主板,20010706
2637,600373.SH,600373,中文传媒,江西,出版业,主板,20020304
2638,600375.SH,600375,汉马科技,安徽,汽车整车,主板,20030401
2639,600376.SH,600376,首开股份,北京,区域地产,主板,20010312
2640,600377.SH,600377,宁沪高速,江苏,路桥,主板,20010116
2641,600378.SH,600378,昊华科技,四川,化工原料,主板,20010111
2642,600379.SH,600379,宝光股份,陕西,电气设备,主板,20020116
2643,600380.SH,600380,健康元,深圳,化学制药,主板,20010608
2644,600381.SH,600381,青海春天,青海,医疗保健,主板,20010508
2645,600382.SH,600382,广东明珠,广东,商贸代理,主板,20010118
2646,600383.SH,600383,金地集团,深圳,全国地产,主板,20010412
2647,600385.SH,600385,ST金泰,山东,黄金,主板,20010723
2648,600386.SH,600386,北巴传媒,北京,汽车服务,主板,20010216
2649,600387.SH,600387,海越能源,浙江,石油贸易,主板,20040218
2650,600388.SH,600388,龙净环保,福建,环境保护,主板,20001229
2651,600389.SH,600389,江山股份,江苏,农药化肥,主板,20010110
2652,600390.SH,600390,五矿资本,湖南,多元金融,主板,20010115
2653,600391.SH,600391,航发科技,四川,航空,主板,20011212
2654,600392.SH,600392,盛和资源,四川,小金属,主板,20030529
2655,600393.SH,600393,粤泰股份,广东,全国地产,主板,20010319
2656,600395.SH,600395,盘江股份,贵州,煤炭开采,主板,20010531
2657,600396.SH,600396,金山股份,辽宁,火力发电,主板,20010328
2658,600397.SH,600397,安源煤业,江西,煤炭开采,主板,20020702
2659,600398.SH,600398,海澜之家,江苏,服饰,主板,20001228
2660,600399.SH,600399,ST抚钢,辽宁,特种钢,主板,20001229
2661,600400.SH,600400,红豆股份,江苏,服饰,主板,20010108
2662,600403.SH,600403,大有能源,河南,煤炭开采,主板,20031009
2663,600405.SH,600405,动力源,北京,电气设备,主板,20040401
2664,600406.SH,600406,国电南瑞,江苏,电气设备,主板,20031016
2665,600408.SH,600408,ST安泰,山西,焦炭加工,主板,20030212
2666,600409.SH,600409,三友化工,河北,化工原料,主板,20030618
2667,600410.SH,600410,华胜天成,北京,软件服务,主板,20040427
2668,600415.SH,600415,小商品城,浙江,商品城,主板,20020509
2669,600416.SH,600416,*ST湘电,湖南,电气设备,主板,20020718
2670,600418.SH,600418,江淮汽车,安徽,汽车整车,主板,20010824
2671,600419.SH,600419,天润乳业,新疆,乳制品,主板,20010628
2672,600420.SH,600420,现代制药,上海,化学制药,主板,20040616
2673,600421.SH,600421,ST华嵘,湖北,综合类,主板,20040607
2674,600422.SH,600422,昆药集团,云南,中成药,主板,20001206
2675,600423.SH,600423,ST柳化,广西,农药化肥,主板,20030717
2676,600425.SH,600425,青松建化,新疆,水泥,主板,20030724
2677,600426.SH,600426,华鲁恒升,山东,农药化肥,主板,20020620
2678,600428.SH,600428,中远海特,广东,水运,主板,20020418
2679,600429.SH,600429,三元股份,北京,乳制品,主板,20030915
2680,600433.SH,600433,冠豪高新,广东,造纸,主板,20030619
2681,600435.SH,600435,北方导航,北京,专用机械,主板,20030704
2682,600436.SH,600436,片仔癀,福建,中成药,主板,20030616
2683,600438.SH,600438,通威股份,四川,饲料,主板,20040302
2684,600439.SH,600439,瑞贝卡,河南,服饰,主板,20030710
2685,600444.SH,600444,国机通用,安徽,专用机械,主板,20040219
2686,600446.SH,600446,金证股份,深圳,软件服务,主板,20031224
2687,600448.SH,600448,华纺股份,山东,纺织,主板,20010903
2688,600449.SH,600449,宁夏建材,宁夏,水泥,主板,20030829
2689,600452.SH,600452,涪陵电力,重庆,水力发电,主板,20040303
2690,600455.SH,600455,博通股份,陕西,文教休闲,主板,20040329
2691,600456.SH,600456,宝钛股份,陕西,小金属,主板,20020412
2692,600458.SH,600458,时代新材,湖南,塑料,主板,20021219
2693,600459.SH,600459,贵研铂业,云南,小金属,主板,20030516
2694,600460.SH,600460,士兰微,浙江,半导体,主板,20030311
2695,600461.SH,600461,洪城水业,江西,水务,主板,20040601
2696,600462.SH,600462,*ST九有,深圳,广告包装,主板,20030903
2697,600463.SH,600463,空港股份,北京,园区开发,主板,20040318
2698,600466.SH,600466,蓝光发展,四川,区域地产,主板,20010212
2699,600467.SH,600467,好当家,山东,渔业,主板,20040405
2700,600468.SH,600468,百利电气,天津,电气设备,主板,20010615
2701,600469.SH,600469,风神股份,河南,汽车配件,主板,20031021
2702,600470.SH,600470,*ST六化,安徽,农药化肥,主板,20040305
2703,600475.SH,600475,华光环能,江苏,环境保护,主板,20030721
2704,600476.SH,600476,湘邮科技,湖南,软件服务,主板,20031210
2705,600477.SH,600477,杭萧钢构,浙江,钢加工,主板,20031110
2706,600478.SH,600478,科力远,湖南,元器件,主板,20030918
2707,600479.SH,600479,千金药业,湖南,中成药,主板,20040312
2708,600480.SH,600480,凌云股份,河北,汽车配件,主板,20030815
2709,600481.SH,600481,双良节能,江苏,环境保护,主板,20030422
2710,600482.SH,600482,中国动力,河北,电气设备,主板,20040714
2711,600483.SH,600483,福能股份,福建,火力发电,主板,20040531
2712,600486.SH,600486,扬农化工,江苏,农药化肥,主板,20020425
2713,600487.SH,600487,亨通光电,江苏,通信设备,主板,20030822
2714,600488.SH,600488,天药股份,天津,化学制药,主板,20010618
2715,600489.SH,600489,中金黄金,北京,黄金,主板,20030814
2716,600490.SH,600490,鹏欣资源,上海,铜,主板,20030626
2717,600491.SH,600491,龙元建设,浙江,建筑工程,主板,20040524
2718,600493.SH,600493,凤竹纺织,福建,纺织,主板,20040421
2719,600495.SH,600495,晋西车轴,山西,运输设备,主板,20040526
2720,600496.SH,600496,精工钢构,安徽,钢加工,主板,20020605
2721,600497.SH,600497,驰宏锌锗,云南,铅锌,主板,20040420
2722,600498.SH,600498,烽火通信,湖北,通信设备,主板,20010823
2723,600499.SH,600499,科达制造,广东,专用机械,主板,20021010
2724,600500.SH,600500,中化国际,上海,商贸代理,主板,20000301
2725,600501.SH,600501,航天晨光,江苏,汽车配件,主板,20010615
2726,600502.SH,600502,安徽建工,安徽,建筑工程,主板,20030415
2727,600503.SH,600503,华丽家族,上海,区域地产,主板,20020709
2728,600505.SH,600505,西昌电力,四川,水力发电,主板,20020530
2729,600506.SH,600506,香梨股份,新疆,种植业,主板,20011226
2730,600507.SH,600507,方大特钢,江西,特种钢,主板,20030930
2731,600508.SH,600508,上海能源,上海,煤炭开采,主板,20010829
2732,600509.SH,600509,天富能源,新疆,火力发电,主板,20020228
2733,600510.SH,600510,黑牡丹,江苏,全国地产,主板,20020618
2734,600511.SH,600511,国药股份,北京,医药商业,主板,20021127
2735,600512.SH,600512,腾达建设,浙江,建筑工程,主板,20021226
2736,600513.SH,600513,联环药业,江苏,化学制药,主板,20030319
2737,600515.SH,600515,海航基础,海南,全国地产,主板,20020806
2738,600516.SH,600516,方大炭素,甘肃,矿物制品,主板,20020830
2739,600517.SH,600517,国网英大,上海,电气设备,主板,20031010
2740,600518.SH,600518,ST康美,广东,中成药,主板,20010319
2741,600519.SH,600519,贵州茅台,贵州,白酒,主板,20010827
2742,600520.SH,600520,文一科技,安徽,机械基件,主板,20020108
2743,600521.SH,600521,华海药业,浙江,化学制药,主板,20030304
2744,600522.SH,600522,中天科技,江苏,通信设备,主板,20021024
2745,600523.SH,600523,贵航股份,贵州,汽车配件,主板,20011227
2746,600525.SH,600525,长园集团,深圳,电气设备,主板,20021202
2747,600526.SH,600526,菲达环保,浙江,环境保护,主板,20020722
2748,600527.SH,600527,江南高纤,江苏,化纤,主板,20031127
2749,600528.SH,600528,中铁工业,北京,运输设备,主板,20010528
2750,600529.SH,600529,山东药玻,山东,医疗保健,主板,20020603
2751,600530.SH,600530,*ST交昂,上海,医疗保健,主板,20010702
2752,600531.SH,600531,豫光金铅,河南,铅锌,主板,20020730
2753,600532.SH,600532,宏达矿业,上海,普钢,主板,20021031
2754,600533.SH,600533,栖霞建设,江苏,区域地产,主板,20020328
2755,600535.SH,600535,天士力,天津,中成药,主板,20020823
2756,600536.SH,600536,中国软件,北京,软件服务,主板,20020517
2757,600537.SH,600537,亿晶光电,浙江,电气设备,主板,20030123
2758,600538.SH,600538,国发股份,广西,医药商业,主板,20030114
2759,600539.SH,600539,ST狮头,山西,水泥,主板,20010824
2760,600540.SH,600540,新赛股份,新疆,种植业,主板,20040107
2761,600543.SH,600543,莫高股份,甘肃,红黄酒,主板,20040324
2762,600545.SH,600545,卓郎智能,新疆,纺织机械,主板,20031203
2763,600546.SH,600546,山煤国际,山西,煤炭开采,主板,20030731
2764,600547.SH,600547,山东黄金,山东,黄金,主板,20030828
2765,600548.SH,600548,深高速,深圳,路桥,主板,20011225
2766,600549.SH,600549,厦门钨业,福建,小金属,主板,20021107
2767,600550.SH,600550,保变电气,河北,电气设备,主板,20010228
2768,600551.SH,600551,时代出版,安徽,出版业,主板,20020905
2769,600552.SH,600552,凯盛科技,安徽,玻璃,主板,20021108
2770,600555.SH,600555,*ST海创,海南,旅游服务,主板,20010328
2771,600556.SH,600556,天下秀,广西,互联网,主板,20010807
2772,600557.SH,600557,康缘药业,江苏,中成药,主板,20020918
2773,600558.SH,600558,大西洋,四川,钢加工,主板,20010227
2774,600559.SH,600559,老白干酒,河北,白酒,主板,20021029
2775,600560.SH,600560,金自天正,北京,电气设备,主板,20020919
2776,600561.SH,600561,江西长运,江西,公共交通,主板,20020716
2777,600562.SH,600562,国睿科技,江苏,通信设备,主板,20030128
2778,600563.SH,600563,法拉电子,福建,元器件,主板,20021210
2779,600565.SH,600565,迪马股份,重庆,全国地产,主板,20020723
2780,600566.SH,600566,济川药业,湖北,中成药,主板,20010822
2781,600567.SH,600567,山鹰国际,安徽,造纸,主板,20011218
2782,600568.SH,600568,*ST中珠,湖北,区域地产,主板,20010518
2783,600569.SH,600569,安阳钢铁,河南,普钢,主板,20010820
2784,600570.SH,600570,恒生电子,浙江,软件服务,主板,20031216
2785,600571.SH,600571,信雅达,浙江,软件服务,主板,20021101
2786,600572.SH,600572,康恩贝,浙江,中成药,主板,20040412
2787,600573.SH,600573,惠泉啤酒,福建,啤酒,主板,20030226
2788,600575.SH,600575,淮河能源,安徽,水运,主板,20030328
2789,600576.SH,600576,祥源文化,浙江,影视音像,主板,20030220
2790,600577.SH,600577,精达股份,安徽,电气设备,主板,20020911
2791,600578.SH,600578,京能电力,北京,火力发电,主板,20020510
2792,600579.SH,600579,克劳斯,山东,化工机械,主板,20020809
2793,600580.SH,600580,卧龙电驱,浙江,电气设备,主板,20020606
2794,600581.SH,600581,八一钢铁,新疆,普钢,主板,20020816
2795,600582.SH,600582,天地科技,北京,工程机械,主板,20020515
2796,600583.SH,600583,海油工程,天津,石油开采,主板,20020205
2797,600584.SH,600584,长电科技,江苏,半导体,主板,20030603
2798,600585.SH,600585,海螺水泥,安徽,水泥,主板,20020207
2799,600586.SH,600586,金晶科技,山东,玻璃,主板,20020815
2800,600587.SH,600587,新华医疗,山东,医疗保健,主板,20020927
2801,600588.SH,600588,用友网络,北京,软件服务,主板,20010518
2802,600589.SH,600589,广东榕泰,广东,塑料,主板,20010612
2803,600590.SH,600590,泰豪科技,江西,电气设备,主板,20020703
2804,600592.SH,600592,龙溪股份,福建,机械基件,主板,20020805
2805,600593.SH,600593,大连圣亚,辽宁,旅游服务,主板,20020711
2806,600594.SH,600594,益佰制药,贵州,中成药,主板,20040323
2807,600595.SH,600595,*ST中孚,河南,铝,主板,20020626
2808,600596.SH,600596,新安股份,浙江,化工原料,主板,20010906
2809,600597.SH,600597,光明乳业,上海,乳制品,主板,20020828
2810,600598.SH,600598,北大荒,黑龙江,种植业,主板,20020329
2811,600599.SH,600599,*ST熊猫,湖南,多元金融,主板,20010828
2812,600600.SH,600600,青岛啤酒,山东,啤酒,主板,19930827
2813,600601.SH,600601,方正科技,上海,IT设备,主板,19901219
2814,600602.SH,600602,云赛智联,上海,软件服务,主板,19901219
2815,600603.SH,600603,广汇物流,四川,仓储物流,主板,19920113
2816,600604.SH,600604,市北高新,上海,园区开发,主板,19920327
2817,600605.SH,600605,汇通能源,上海,房产服务,主板,19920327
2818,600606.SH,600606,绿地控股,上海,全国地产,主板,19920327
2819,600608.SH,600608,ST沪科,上海,钢加工,主板,19920327
2820,600609.SH,600609,金杯汽车,辽宁,汽车配件,主板,19920724
2821,600610.SH,600610,ST毅达,上海,建筑工程,主板,19920805
2822,600611.SH,600611,大众交通,上海,公共交通,主板,19920807
2823,600612.SH,600612,老凤祥,上海,服饰,主板,19920814
2824,600613.SH,600613,神奇制药,上海,中成药,主板,19920820
2825,600615.SH,600615,丰华股份,上海,小金属,主板,19920910
2826,600616.SH,600616,金枫酒业,上海,红黄酒,主板,19920929
2827,600617.SH,600617,国新能源,山西,供气供热,主板,19921013
2828,600618.SH,600618,氯碱化工,上海,化工原料,主板,19921113
2829,600619.SH,600619,海立股份,上海,机械基件,主板,19921116
2830,600620.SH,600620,天宸股份,上海,综合类,主板,19921117
2831,600621.SH,600621,华鑫股份,上海,证券,主板,19921202
2832,600622.SH,600622,光大嘉宝,上海,区域地产,主板,19921203
2833,600623.SH,600623,华谊集团,上海,汽车配件,主板,19921204
2834,600624.SH,600624,复旦复华,上海,化学制药,主板,19930105
2835,600626.SH,600626,申达股份,上海,纺织,主板,19930107
2836,600628.SH,600628,新世界,上海,百货,主板,19930119
2837,600629.SH,600629,华建集团,上海,建筑工程,主板,19930209
2838,600630.SH,600630,龙头股份,上海,纺织,主板,19930209
2839,600633.SH,600633,浙数文化,浙江,互联网,主板,19930304
2840,600634.SH,600634,*ST富控,上海,互联网,主板,19930304
2841,600635.SH,600635,大众公用,上海,供气供热,主板,19930304
2842,600636.SH,600636,国新文化,上海,化工原料,主板,19930316
2843,600637.SH,600637,东方明珠,上海,影视音像,主板,19930316
2844,600638.SH,600638,新黄浦,上海,区域地产,主板,19930326
2845,600639.SH,600639,浦东金桥,上海,园区开发,主板,19930326
2846,600640.SH,600640,号百控股,上海,影视音像,主板,19930407
2847,600641.SH,600641,万业企业,上海,区域地产,主板,19930407
2848,600642.SH,600642,申能股份,上海,火力发电,主板,19930416
2849,600643.SH,600643,爱建集团,上海,多元金融,主板,19930426
2850,600644.SH,600644,乐山电力,四川,水力发电,主板,19930426
2851,600645.SH,600645,中源协和,天津,生物制药,主板,19930504
2852,600647.SH,600647,同达创业,上海,综合类,主板,19930504
2853,600648.SH,600648,外高桥,上海,园区开发,主板,19930504
2854,600649.SH,600649,城投控股,上海,区域地产,主板,19930518
2855,600650.SH,600650,锦江投资,上海,公共交通,主板,19930607
2856,600651.SH,600651,*ST飞乐,上海,电器仪表,主板,19901219
2857,600652.SH,600652,ST游久,上海,互联网,主板,19901219
2858,600653.SH,600653,申华控股,辽宁,汽车服务,主板,19901219
2859,600654.SH,600654,ST中安,上海,软件服务,主板,19901219
2860,600655.SH,600655,豫园股份,上海,百货,主板,19920902
2861,600657.SH,600657,信达地产,北京,全国地产,主板,19930524
2862,600658.SH,600658,电子城,北京,园区开发,主板,19930524
2863,600660.SH,600660,福耀玻璃,福建,汽车配件,主板,19930610
2864,600661.SH,600661,昂立教育,上海,文教休闲,主板,19930614
2865,600662.SH,600662,强生控股,上海,公共交通,主板,19930614
2866,600663.SH,600663,陆家嘴,上海,园区开发,主板,19930628
2867,600664.SH,600664,哈药股份,黑龙江,化学制药,主板,19930629
2868,600665.SH,600665,天地源,陕西,全国地产,主板,19930709
2869,600666.SH,600666,ST瑞德,黑龙江,元器件,主板,19930712
2870,600667.SH,600667,太极实业,江苏,半导体,主板,19930728
2871,600668.SH,600668,尖峰集团,浙江,水泥,主板,19930728
2872,600671.SH,600671,*ST目药,浙江,中成药,主板,19930823
2873,600673.SH,600673,东阳光,广东,化学制药,主板,19930917
2874,600674.SH,600674,川投能源,四川,水力发电,主板,19930924
2875,600675.SH,600675,中华企业,上海,区域地产,主板,19930924
2876,600676.SH,600676,交运股份,上海,公共交通,主板,19930928
2877,600678.SH,600678,四川金顶,四川,水泥,主板,19931008
2878,600679.SH,600679,上海凤凰,上海,文教休闲,主板,19931008
2879,600681.SH,600681,百川能源,湖北,供气供热,主板,19931018
2880,600682.SH,600682,南京新百,江苏,百货,主板,19931018
2881,600683.SH,600683,京投发展,浙江,区域地产,主板,19931025
2882,600684.SH,600684,珠江实业,广东,全国地产,主板,19931028
2883,600685.SH,600685,中船防务,广东,船舶,主板,19931028
2884,600686.SH,600686,金龙汽车,福建,汽车整车,主板,19931108
2885,600687.SH,600687,*ST刚泰,甘肃,黄金,主板,19931108
2886,600688.SH,600688,上海石化,上海,石油加工,主板,19931108
2887,600689.SH,600689,上海三毛,上海,纺织,主板,19931108
2888,600690.SH,600690,海尔智家,山东,家用电器,主板,19931119
2889,600691.SH,600691,阳煤化工,山西,农药化肥,主板,19931119
2890,600692.SH,600692,亚通股份,上海,房产服务,主板,19931119
2891,600693.SH,600693,东百集团,福建,百货,主板,19931122
2892,600694.SH,600694,大商股份,辽宁,百货,主板,19931122
2893,600695.SH,600695,绿庭投资,上海,多元金融,主板,19931122
2894,600696.SH,600696,ST岩石,上海,区域地产,主板,19931206
2895,600697.SH,600697,欧亚集团,吉林,百货,主板,19931206
2896,600698.SH,600698,ST天雁,湖南,汽车配件,主板,19931206
2897,600699.SH,600699,均胜电子,浙江,汽车配件,主板,19931206
2898,600702.SH,600702,ST舍得,四川,白酒,主板,19960524
2899,600703.SH,600703,三安光电,湖北,半导体,主板,19960528
2900,600704.SH,600704,物产中大,浙江,商贸代理,主板,19960606
2901,600705.SH,600705,中航资本,黑龙江,多元金融,主板,19960516
2902,600706.SH,600706,曲江文旅,陕西,旅游服务,主板,19960516
2903,600707.SH,600707,彩虹股份,陕西,元器件,主板,19960520
2904,600708.SH,600708,光明地产,上海,全国地产,主板,19960606
2905,600710.SH,600710,苏美达,江苏,工程机械,主板,19960701
2906,600711.SH,600711,盛屯矿业,福建,小金属,主板,19960531
2907,600712.SH,600712,南宁百货,广西,百货,主板,19960626
2908,600713.SH,600713,南京医药,江苏,医药商业,主板,19960701
2909,600714.SH,600714,金瑞矿业,青海,化工原料,主板,19960606
2910,600715.SH,600715,文投控股,辽宁,影视音像,主板,19960701
2911,600716.SH,600716,凤凰股份,江苏,区域地产,主板,19960702
2912,600717.SH,600717,天津港,天津,港口,主板,19960614
2913,600718.SH,600718,东软集团,辽宁,软件服务,主板,19960618
2914,600719.SH,600719,大连热电,辽宁,供气供热,主板,19960716
2915,600720.SH,600720,祁连山,甘肃,水泥,主板,19960716
2916,600721.SH,600721,ST百花,新疆,生物制药,主板,19960626
2917,600722.SH,600722,金牛化工,河北,化工原料,主板,19960626
2918,600723.SH,600723,首商股份,北京,百货,主板,19960716
2919,600724.SH,600724,宁波富达,浙江,水泥,主板,19960716
2920,600725.SH,600725,ST云维,云南,焦炭加工,主板,19960702
2921,600726.SH,600726,华电能源,黑龙江,火力发电,主板,19960701
2922,600727.SH,600727,鲁北化工,山东,农药化肥,主板,19960702
2923,600728.SH,600728,佳都科技,广东,软件服务,主板,19960716
2924,600729.SH,600729,重庆百货,重庆,百货,主板,19960702
2925,600730.SH,600730,中国高科,北京,综合类,主板,19960726
2926,600731.SH,600731,湖南海利,湖南,农药化肥,主板,19960802
2927,600732.SH,600732,爱旭股份,上海,电气设备,主板,19960816
2928,600733.SH,600733,北汽蓝谷,北京,汽车整车,主板,19960816
2929,600734.SH,600734,*ST实达,福建,IT设备,主板,19960808
2930,600735.SH,600735,新华锦,山东,商贸代理,主板,19960726
2931,600736.SH,600736,苏州高新,江苏,园区开发,主板,19960815
2932,600737.SH,600737,中粮糖业,新疆,食品,主板,19960731
2933,600738.SH,600738,兰州民百,甘肃,百货,主板,19960802
2934,600739.SH,600739,辽宁成大,辽宁,商贸代理,主板,19960819
2935,600740.SH,600740,山西焦化,山西,焦炭加工,主板,19960808
2936,600741.SH,600741,华域汽车,上海,汽车配件,主板,19960826
2937,600742.SH,600742,一汽富维,吉林,汽车配件,主板,19960826
2938,600743.SH,600743,华远地产,北京,区域地产,主板,19960909
2939,600744.SH,600744,华银电力,湖南,火力发电,主板,19960905
2940,600745.SH,600745,闻泰科技,湖北,通信设备,主板,19960828
2941,600746.SH,600746,江苏索普,江苏,化工原料,主板,19960918
2942,600748.SH,600748,上实发展,上海,全国地产,主板,19960925
2943,600749.SH,600749,西藏旅游,西藏,旅游景点,主板,19961015
2944,600750.SH,600750,江中药业,江西,中成药,主板,19960923
2945,600751.SH,600751,海航科技,天津,软件服务,主板,19960909
2946,600753.SH,600753,东方银星,福建,商贸代理,主板,19960927
2947,600754.SH,600754,锦江酒店,上海,酒店餐饮,主板,19961011
2948,600755.SH,600755,厦门国贸,福建,商贸代理,主板,19961003
2949,600756.SH,600756,浪潮软件,山东,软件服务,主板,19960923
2950,600757.SH,600757,长江传媒,湖北,出版业,主板,19961003
2951,600758.SH,600758,辽宁能源,辽宁,煤炭开采,主板,19961029
2952,600759.SH,600759,洲际油气,海南,石油开采,主板,19961008
2953,600760.SH,600760,中航沈飞,山东,航空,主板,19961011
2954,600761.SH,600761,安徽合力,安徽,工程机械,主板,19961009
2955,600763.SH,600763,通策医疗,浙江,医疗保健,主板,19961030
2956,600764.SH,600764,中国海防,北京,通信设备,主板,19961104
2957,600765.SH,600765,中航重机,贵州,航空,主板,19961106
2958,600766.SH,600766,园城黄金,山东,黄金,主板,19961028
2959,600767.SH,600767,ST运盛,四川,医疗保健,主板,19961115
2960,600768.SH,600768,宁波富邦,浙江,铝,主板,19961111
2961,600769.SH,600769,祥龙电业,湖北,建筑工程,主板,19961101
2962,600770.SH,600770,综艺股份,江苏,综合类,主板,19961120
2963,600771.SH,600771,广誉远,青海,中成药,主板,19961105
2964,600773.SH,600773,西藏城投,西藏,区域地产,主板,19961108
2965,600774.SH,600774,汉商集团,湖北,百货,主板,19961108
2966,600775.SH,600775,南京熊猫,江苏,通信设备,主板,19961118
2967,600776.SH,600776,东方通信,浙江,通信设备,主板,19961126
2968,600777.SH,600777,新潮能源,山东,石油开采,主板,19961121
2969,600778.SH,600778,友好集团,新疆,百货,主板,19961203
2970,600779.SH,600779,水井坊,四川,白酒,主板,19961206
2971,600780.SH,600780,通宝能源,山西,火力发电,主板,19961205
2972,600781.SH,600781,*ST辅仁,河南,中成药,主板,19961218
2973,600782.SH,600782,新钢股份,江西,普钢,主板,19961225
2974,600783.SH,600783,鲁信创投,山东,多元金融,主板,19961225
2975,600784.SH,600784,鲁银投资,山东,普钢,主板,19961225
2976,600785.SH,600785,新华百货,宁夏,百货,主板,19970108
2977,600787.SH,600787,中储股份,天津,仓储物流,主板,19970121
2978,600789.SH,600789,鲁抗医药,山东,化学制药,主板,19970226
2979,600790.SH,600790,轻纺城,浙江,商品城,主板,19970228
2980,600791.SH,600791,京能置业,北京,全国地产,主板,19970130
2981,600792.SH,600792,云煤能源,云南,焦炭加工,主板,19970123
2982,600793.SH,600793,宜宾纸业,四川,造纸,主板,19970220
2983,600794.SH,600794,保税科技,江苏,仓储物流,主板,19970306
2984,600795.SH,600795,国电电力,辽宁,火力发电,主板,19970318
2985,600796.SH,600796,钱江生化,浙江,农药化肥,主板,19970408
2986,600797.SH,600797,浙大网新,浙江,软件服务,主板,19970418
2987,600798.SH,600798,宁波海运,浙江,水运,主板,19970423
2988,600800.SH,600800,天津磁卡,天津,综合类,主板,19931206
2989,600801.SH,600801,华新水泥,湖北,水泥,主板,19940103
2990,600802.SH,600802,福建水泥,福建,水泥,主板,19940103
2991,600803.SH,600803,新奥股份,河北,综合类,主板,19940103
2992,600804.SH,600804,鹏博士,四川,电信运营,主板,19940103
2993,600805.SH,600805,悦达投资,江苏,综合类,主板,19940103
2994,600807.SH,600807,济南高新,山东,区域地产,主板,19940103
2995,600808.SH,600808,马钢股份,安徽,普钢,主板,19940106
2996,600809.SH,600809,山西汾酒,山西,白酒,主板,19940106
2997,600810.SH,600810,神马股份,河南,化纤,主板,19940106
2998,600811.SH,600811,东方集团,黑龙江,农业综合,主板,19940106
2999,600812.SH,600812,华北制药,河北,化学制药,主板,19940114
3000,600814.SH,600814,杭州解百,浙江,百货,主板,19940114
3001,600815.SH,600815,*ST厦工,福建,工程机械,主板,19940128
3002,600816.SH,600816,*ST安信,上海,多元金融,主板,19940128
3003,600817.SH,600817,ST宏盛,河南,多元金融,主板,19940128
3004,600818.SH,600818,中路股份,上海,文教休闲,主板,19940128
3005,600819.SH,600819,耀皮玻璃,上海,玻璃,主板,19940128
3006,600820.SH,600820,隧道股份,上海,建筑工程,主板,19940128
3007,600821.SH,600821,*ST劝业,天津,百货,主板,19940128
3008,600822.SH,600822,上海物贸,上海,商贸代理,主板,19940204
3009,600823.SH,600823,世茂股份,上海,全国地产,主板,19940204
3010,600824.SH,600824,益民集团,上海,百货,主板,19940204
3011,600825.SH,600825,新华传媒,上海,出版业,主板,19940204
3012,600826.SH,600826,兰生股份,上海,商贸代理,主板,19940204
3013,600827.SH,600827,百联股份,上海,超市连锁,主板,19940204
3014,600828.SH,600828,茂业商业,四川,百货,主板,19940224
3015,600829.SH,600829,人民同泰,黑龙江,医药商业,主板,19940224
3016,600830.SH,600830,香溢融通,浙江,多元金融,主板,19940224
3017,600831.SH,600831,广电网络,陕西,影视音像,主板,19940224
3018,600833.SH,600833,第一医药,上海,医药商业,主板,19940224
3019,600834.SH,600834,申通地铁,上海,公共交通,主板,19940224
3020,600835.SH,600835,上海机电,上海,运输设备,主板,19940224
3021,600836.SH,600836,*ST界龙,上海,广告包装,主板,19940224
3022,600837.SH,600837,海通证券,上海,证券,主板,19940224
3023,600838.SH,600838,上海九百,上海,百货,主板,19940224
3024,600839.SH,600839,四川长虹,四川,家用电器,主板,19940311
3025,600841.SH,600841,上柴股份,上海,机械基件,主板,19940311
3026,600843.SH,600843,上工申贝,上海,纺织机械,主板,19940311
3027,600844.SH,600844,丹化科技,江苏,化工原料,主板,19940311
3028,600845.SH,600845,宝信软件,上海,软件服务,主板,19940311
3029,600846.SH,600846,同济科技,上海,建筑工程,主板,19940311
3030,600847.SH,600847,万里股份,重庆,电气设备,主板,19940324
3031,600848.SH,600848,上海临港,上海,园区开发,主板,19940324
3032,600850.SH,600850,华东电脑,上海,软件服务,主板,19940324
3033,600851.SH,600851,海欣股份,上海,化学制药,主板,19940404
3034,600853.SH,600853,龙建股份,黑龙江,建筑工程,主板,19940404
3035,600854.SH,600854,春兰股份,江苏,家用电器,主板,19940425
3036,600855.SH,600855,航天长峰,北京,专用机械,主板,19940425
3037,600856.SH,600856,*ST中天,北京,供气供热,主板,19940425
3038,600857.SH,600857,宁波中百,浙江,百货,主板,19940425
3039,600858.SH,600858,银座股份,山东,百货,主板,19940506
3040,600859.SH,600859,王府井,北京,百货,主板,19940506
3041,600860.SH,600860,*ST京城,北京,专用机械,主板,19940506
3042,600861.SH,600861,北京城乡,北京,百货,主板,19940520
3043,600862.SH,600862,中航高科,江苏,航空,主板,19940520
3044,600863.SH,600863,内蒙华电,内蒙,火力发电,主板,19940520
3045,600864.SH,600864,哈投股份,黑龙江,证券,主板,19940809
3046,600865.SH,600865,百大集团,浙江,百货,主板,19940809
3047,600866.SH,600866,星湖科技,广东,食品,主板,19940818
3048,600867.SH,600867,通化东宝,吉林,生物制药,主板,19940824
3049,600868.SH,600868,梅雁吉祥,广东,水力发电,主板,19940912
3050,600869.SH,600869,智慧能源,青海,电气设备,主板,19950206
3051,600870.SH,600870,ST厦华,福建,家用电器,主板,19950228
3052,600871.SH,600871,石化油服,北京,石油开采,主板,19950411
3053,600872.SH,600872,中炬高新,广东,食品,主板,19950124
3054,600873.SH,600873,梅花生物,西藏,食品,主板,19950217
3055,600874.SH,600874,创业环保,天津,环境保护,主板,19950630
3056,600875.SH,600875,东方电气,四川,电气设备,主板,19951010
3057,600876.SH,600876,洛阳玻璃,河南,玻璃,主板,19951031
3058,600877.SH,600877,ST电能,重庆,电气设备,主板,19951013
3059,600879.SH,600879,航天电子,湖北,航空,主板,19951115
3060,600880.SH,600880,博瑞传播,四川,广告包装,主板,19951115
3061,600881.SH,600881,亚泰集团,吉林,水泥,主板,19951115
3062,600882.SH,600882,妙可蓝多,上海,乳制品,主板,19951206
3063,600883.SH,600883,博闻科技,云南,水泥,主板,19951208
3064,600884.SH,600884,杉杉股份,浙江,综合类,主板,19960130
3065,600885.SH,600885,宏发股份,湖北,电气设备,主板,19960205
3066,600886.SH,600886,国投电力,北京,水力发电,主板,19960118
3067,600887.SH,600887,伊利股份,内蒙,乳制品,主板,19960312
3068,600888.SH,600888,新疆众和,新疆,铝,主板,19960215
3069,600889.SH,600889,南京化纤,江苏,化纤,主板,19960308
3070,600890.SH,600890,中房股份,北京,区域地产,主板,19960318
3071,600892.SH,600892,*ST大晟,深圳,影视音像,主板,19960315
3072,600893.SH,600893,航发动力,陕西,航空,主板,19960408
3073,600894.SH,600894,广日股份,广东,运输设备,主板,19960328
3074,600895.SH,600895,张江高科,上海,园区开发,主板,19960422
3075,600896.SH,600896,览海医疗,海南,医疗保健,主板,19960503
3076,600897.SH,600897,厦门空港,福建,机场,主板,19960531
3077,600898.SH,600898,*ST美讯,山东,通信设备,主板,19960418
3078,600900.SH,600900,长江电力,北京,水力发电,主板,20031118
3079,600901.SH,600901,江苏租赁,江苏,多元金融,主板,20180301
3080,600903.SH,600903,贵州燃气,贵州,供气供热,主板,20171107
3081,600908.SH,600908,无锡银行,江苏,银行,主板,20160923
3082,600909.SH,600909,华安证券,安徽,证券,主板,20161206
3083,600917.SH,600917,重庆燃气,重庆,供气供热,主板,20140930
3084,600918.SH,600918,中泰证券,山东,证券,主板,20200603
3085,600919.SH,600919,江苏银行,江苏,银行,主板,20160802
3086,600926.SH,600926,杭州银行,浙江,银行,主板,20161027
3087,600928.SH,600928,西安银行,陕西,银行,主板,20190301
3088,600929.SH,600929,雪天盐业,湖南,食品,主板,20180326
3089,600933.SH,600933,爱柯迪,浙江,汽车配件,主板,20171117
3090,600936.SH,600936,广西广电,广西,影视音像,主板,20160815
3091,600939.SH,600939,重庆建工,重庆,建筑工程,主板,20170221
3092,600956.SH,600956,新天绿能,河北,供气供热,主板,20200629
3093,600958.SH,600958,东方证券,上海,证券,主板,20150323
3094,600959.SH,600959,江苏有线,江苏,影视音像,主板,20150428
3095,600960.SH,600960,渤海汽车,山东,汽车配件,主板,20040407
3096,600961.SH,600961,株冶集团,湖南,铅锌,主板,20040830
3097,600962.SH,600962,国投中鲁,北京,软饮料,主板,20040622
3098,600963.SH,600963,岳阳林纸,湖南,造纸,主板,20040525
3099,600965.SH,600965,福成股份,河北,农业综合,主板,20040713
3100,600966.SH,600966,博汇纸业,山东,造纸,主板,20040608
3101,600967.SH,600967,内蒙一机,内蒙,运输设备,主板,20040518
3102,600968.SH,600968,海油发展,北京,石油开采,主板,20190626
3103,600969.SH,600969,郴电国际,湖南,水力发电,主板,20040408
3104,600970.SH,600970,中材国际,江苏,建筑工程,主板,20050412
3105,600971.SH,600971,恒源煤电,安徽,煤炭开采,主板,20040817
3106,600973.SH,600973,宝胜股份,江苏,电气设备,主板,20040802
3107,600975.SH,600975,新五丰,湖南,农业综合,主板,20040609
3108,600976.SH,600976,健民集团,湖北,中成药,主板,20040419
3109,600977.SH,600977,中国电影,北京,影视音像,主板,20160809
3110,600978.SH,600978,*ST宜生,广东,家居用品,主板,20040824
3111,600979.SH,600979,广安爱众,四川,水力发电,主板,20040906
3112,600980.SH,600980,北矿科技,北京,元器件,主板,20040512
3113,600981.SH,600981,汇鸿集团,江苏,商贸代理,主板,20040630
3114,600982.SH,600982,宁波热电,浙江,供气供热,主板,20040706
3115,600983.SH,600983,惠而浦,安徽,家用电器,主板,20040727
3116,600984.SH,600984,建设机械,陕西,工程机械,主板,20040707
3117,600985.SH,600985,淮北矿业,安徽,煤炭开采,主板,20040428
3118,600986.SH,600986,科达股份,山东,互联网,主板,20040426
3119,600987.SH,600987,航民股份,浙江,纺织,主板,20040809
3120,600988.SH,600988,赤峰黄金,内蒙,黄金,主板,20040414
3121,600989.SH,600989,宝丰能源,宁夏,化工原料,主板,20190516
3122,600990.SH,600990,四创电子,安徽,通信设备,主板,20040510
3123,600992.SH,600992,贵绳股份,贵州,钢加工,主板,20040514
3124,600993.SH,600993,马应龙,湖北,中成药,主板,20040517
3125,600995.SH,600995,文山电力,云南,水力发电,主板,20040615
3126,600996.SH,600996,贵广网络,贵州,影视音像,主板,20161226
3127,600997.SH,600997,开滦股份,河北,煤炭开采,主板,20040602
3128,600998.SH,600998,九州通,湖北,医药商业,主板,20101102
3129,600999.SH,600999,招商证券,深圳,证券,主板,20091117
3130,601000.SH,601000,唐山港,河北,港口,主板,20100705
3131,601001.SH,601001,大同煤业,山西,煤炭开采,主板,20060623
3132,601002.SH,601002,晋亿实业,浙江,机械基件,主板,20070126
3133,601003.SH,601003,柳钢股份,广西,普钢,主板,20070227
3134,601005.SH,601005,重庆钢铁,重庆,普钢,主板,20070228
3135,601006.SH,601006,大秦铁路,山西,铁路,主板,20060801
3136,601007.SH,601007,金陵饭店,江苏,酒店餐饮,主板,20070406
3137,601008.SH,601008,连云港,江苏,港口,主板,20070426
3138,601009.SH,601009,南京银行,江苏,银行,主板,20070719
3139,601010.SH,601010,文峰股份,江苏,超市连锁,主板,20110603
3140,601011.SH,601011,宝泰隆,黑龙江,焦炭加工,主板,20110309
3141,601012.SH,601012,隆基股份,陕西,电气设备,主板,20120411
3142,601015.SH,601015,陕西黑猫,陕西,焦炭加工,主板,20141105
3143,601016.SH,601016,节能风电,北京,新型电力,主板,20140929
3144,601018.SH,601018,宁波港,浙江,港口,主板,20100928
3145,601019.SH,601019,山东出版,山东,出版业,主板,20171122
3146,601020.SH,601020,华钰矿业,西藏,铅锌,主板,20160316
3147,601021.SH,601021,春秋航空,上海,空运,主板,20150121
3148,601028.SH,601028,玉龙股份,江苏,商贸代理,主板,20111107
3149,601038.SH,601038,一拖股份,河南,农用机械,主板,20120808
3150,601058.SH,601058,赛轮轮胎,山东,汽车配件,主板,20110630
3151,601066.SH,601066,中信建投,北京,证券,主板,20180620
3152,601068.SH,601068,中铝国际,北京,建筑工程,主板,20180831
3153,601069.SH,601069,西部黄金,新疆,黄金,主板,20150122
3154,601077.SH,601077,渝农商行,重庆,银行,主板,20191029
3155,601086.SH,601086,国芳集团,甘肃,百货,主板,20170929
3156,601088.SH,601088,中国神华,北京,煤炭开采,主板,20071009
3157,601098.SH,601098,中南传媒,湖南,出版业,主板,20101028
3158,601099.SH,601099,太平洋,云南,证券,主板,20071228
3159,601100.SH,601100,恒立液压,江苏,工程机械,主板,20111028
3160,601101.SH,601101,昊华能源,北京,煤炭开采,主板,20100331
3161,601106.SH,601106,中国一重,黑龙江,工程机械,主板,20100209
3162,601107.SH,601107,四川成渝,四川,路桥,主板,20090727
3163,601108.SH,601108,财通证券,浙江,证券,主板,20171024
3164,601111.SH,601111,中国国航,北京,空运,主板,20060818
3165,601113.SH,601113,ST华鼎,浙江,化纤,主板,20110509
3166,601116.SH,601116,三江购物,浙江,超市连锁,主板,20110302
3167,601117.SH,601117,中国化学,北京,建筑工程,主板,20100107
3168,601118.SH,601118,海南橡胶,海南,橡胶,主板,20110107
3169,601126.SH,601126,四方股份,北京,电气设备,主板,20101231
3170,601127.SH,601127,小康股份,重庆,汽车配件,主板,20160615
3171,601128.SH,601128,常熟银行,江苏,银行,主板,20160930
3172,601137.SH,601137,博威合金,浙江,铜,主板,20110127
3173,601138.SH,601138,工业富联,深圳,通信设备,主板,20180608
3174,601139.SH,601139,深圳燃气,深圳,供气供热,主板,20091225
3175,601155.SH,601155,新城控股,江苏,区域地产,主板,20151204
3176,601158.SH,601158,重庆水务,重庆,水务,主板,20100329
3177,601162.SH,601162,天风证券,湖北,证券,主板,20181019
3178,601163.SH,601163,三角轮胎,山东,汽车配件,主板,20160909
3179,601166.SH,601166,兴业银行,福建,银行,主板,20070205
3180,601168.SH,601168,西部矿业,青海,铜,主板,20070712
3181,601169.SH,601169,北京银行,北京,银行,主板,20070919
3182,601177.SH,601177,杭齿前进,浙江,机械基件,主板,20101011
3183,601179.SH,601179,中国西电,陕西,电气设备,主板,20100128
3184,601186.SH,601186,中国铁建,北京,建筑工程,主板,20080310
3185,601187.SH,601187,厦门银行,福建,银行,主板,20201027
3186,601188.SH,601188,龙江交通,黑龙江,路桥,主板,20100319
3187,601198.SH,601198,东兴证券,北京,证券,主板,20150226
3188,601199.SH,601199,江南水务,江苏,水务,主板,20110317
3189,601200.SH,601200,上海环境,上海,环境保护,主板,20170331
3190,601208.SH,601208,东材科技,四川,化工原料,主板,20110520
3191,601211.SH,601211,国泰君安,上海,证券,主板,20150626
3192,601212.SH,601212,白银有色,甘肃,铜,主板,20170215
3193,601216.SH,601216,君正集团,内蒙,化工原料,主板,20110222
3194,601218.SH,601218,吉鑫科技,江苏,机械基件,主板,20110506
3195,601222.SH,601222,林洋能源,江苏,电器仪表,主板,20110808
3196,601225.SH,601225,陕西煤业,陕西,煤炭开采,主板,20140128
3197,601226.SH,601226,华电重工,北京,专用机械,主板,20141211
3198,601228.SH,601228,广州港,广东,港口,主板,20170329
3199,601229.SH,601229,上海银行,上海,银行,主板,20161116
3200,601231.SH,601231,环旭电子,上海,元器件,主板,20120220
3201,601233.SH,601233,桐昆股份,浙江,化纤,主板,20110518
3202,601236.SH,601236,红塔证券,云南,证券,主板,20190705
3203,601238.SH,601238,广汽集团,广东,汽车整车,主板,20120329
3204,601258.SH,601258,ST庞大,河北,汽车服务,主板,20110428
3205,601288.SH,601288,农业银行,北京,银行,主板,20100715
3206,601298.SH,601298,青岛港,山东,港口,主板,20190121
3207,601311.SH,601311,骆驼股份,湖北,电气设备,主板,20110602
3208,601318.SH,601318,中国平安,深圳,保险,主板,20070301
3209,601319.SH,601319,中国人保,北京,保险,主板,20181116
3210,601326.SH,601326,秦港股份,河北,港口,主板,20170816
3211,601328.SH,601328,交通银行,上海,银行,主板,20070515
3212,601330.SH,601330,绿色动力,深圳,环境保护,主板,20180611
3213,601333.SH,601333,广深铁路,深圳,铁路,主板,20061222
3214,601336.SH,601336,新华保险,北京,保险,主板,20111216
3215,601339.SH,601339,百隆东方,浙江,纺织,主板,20120612
3216,601360.SH,601360,三六零,天津,互联网,主板,20120116
3217,601366.SH,601366,利群股份,山东,百货,主板,20170412
3218,601368.SH,601368,绿城水务,广西,水务,主板,20150612
3219,601369.SH,601369,陕鼓动力,陕西,机械基件,主板,20100428
3220,601375.SH,601375,中原证券,河南,证券,主板,20170103
3221,601377.SH,601377,兴业证券,福建,证券,主板,20101013
3222,601388.SH,601388,怡球资源,江苏,铝,主板,20120423
3223,601390.SH,601390,中国中铁,北京,建筑工程,主板,20071203
3224,601398.SH,601398,工商银行,北京,银行,主板,20061027
3225,601399.SH,601399,ST国重装,四川,工程机械,主板,20200608
3226,601456.SH,601456,国联证券,江苏,证券,主板,20200731
3227,601500.SH,601500,通用股份,江苏,汽车配件,主板,20160919
3228,601512.SH,601512,中新集团,江苏,园区开发,主板,20191220
3229,601515.SH,601515,东风股份,广东,广告包装,主板,20120216
3230,601518.SH,601518,吉林高速,吉林,路桥,主板,20100319
3231,601519.SH,601519,大智慧,上海,软件服务,主板,20110128
3232,601555.SH,601555,东吴证券,江苏,证券,主板,20111212
3233,601566.SH,601566,九牧王,福建,服饰,主板,20110530
3234,601567.SH,601567,三星医疗,浙江,电器仪表,主板,20110615
3235,601568.SH,601568,北元集团,陕西,化工原料,主板,20201020
3236,601577.SH,601577,长沙银行,湖南,银行,主板,20180926
3237,601579.SH,601579,会稽山,浙江,红黄酒,主板,20140825
3238,601588.SH,601588,北辰实业,北京,区域地产,主板,20061016
3239,601595.SH,601595,上海电影,上海,影视音像,主板,20160817
3240,601598.SH,601598,中国外运,北京,仓储物流,主板,20190118
3241,601599.SH,601599,鹿港文化,江苏,影视音像,主板,20110527
3242,601600.SH,601600,中国铝业,北京,铝,主板,20070430
3243,601601.SH,601601,中国太保,上海,保险,主板,20071225
3244,601606.SH,601606,长城军工,安徽,专用机械,主板,20180806
3245,601607.SH,601607,上海医药,上海,医药商业,主板,19940324
3246,601608.SH,601608,中信重工,河南,专用机械,主板,20120706
3247,601609.SH,601609,金田铜业,浙江,铜,主板,20200422
3248,601611.SH,601611,中国核建,上海,建筑工程,主板,20160606
3249,601615.SH,601615,明阳智能,广东,机械基件,主板,20190123
3250,601616.SH,601616,广电电气,上海,电气设备,主板,20110201
3251,601618.SH,601618,中国中冶,北京,建筑工程,主板,20090921
3252,601619.SH,601619,嘉泽新能,宁夏,新型电力,主板,20170720
3253,601628.SH,601628,中国人寿,北京,保险,主板,20070109
3254,601633.SH,601633,长城汽车,河北,汽车整车,主板,20110928
3255,601636.SH,601636,旗滨集团,湖南,玻璃,主板,20110812
3256,601658.SH,601658,邮储银行,北京,银行,主板,20191210
3257,601666.SH,601666,平煤股份,河南,煤炭开采,主板,20061123
3258,601668.SH,601668,中国建筑,北京,建筑工程,主板,20090729
3259,601669.SH,601669,中国电建,北京,建筑工程,主板,20111018
3260,601677.SH,601677,明泰铝业,河南,铝,主板,20110919
3261,601678.SH,601678,滨化股份,山东,化工原料,主板,20100223
3262,601686.SH,601686,友发集团,天津,钢加工,主板,20201204
3263,601688.SH,601688,华泰证券,江苏,证券,主板,20100226
3264,601689.SH,601689,拓普集团,浙江,汽车配件,主板,20150319
3265,601696.SH,601696,中银证券,上海,证券,主板,20200226
3266,601698.SH,601698,中国卫通,北京,电信运营,主板,20190628
3267,601699.SH,601699,潞安环能,山西,煤炭开采,主板,20060922
3268,601700.SH,601700,风范股份,江苏,电气设备,主板,20110118
3269,601702.SH,601702,华峰铝业,上海,铝,主板,20200907
3270,601717.SH,601717,郑煤机,河南,汽车配件,主板,20100803
3271,601718.SH,601718,际华集团,北京,服饰,主板,20100816
3272,601727.SH,601727,上海电气,上海,电气设备,主板,20081205
3273,601766.SH,601766,中国中车,北京,运输设备,主板,20080818
3274,601777.SH,601777,*ST力帆,重庆,摩托车,主板,20101125
3275,601778.SH,601778,晶科科技,江西,新型电力,主板,20200519
3276,601788.SH,601788,光大证券,上海,证券,主板,20090818
3277,601789.SH,601789,宁波建工,浙江,建筑工程,主板,20110816
3278,601798.SH,601798,蓝科高新,甘肃,化工机械,主板,20110622
3279,601799.SH,601799,星宇股份,江苏,汽车配件,主板,20110201
3280,601800.SH,601800,中国交建,北京,建筑工程,主板,20120309
3281,601801.SH,601801,皖新传媒,安徽,出版业,主板,20100118
3282,601808.SH,601808,中海油服,天津,石油开采,主板,20070928
3283,601811.SH,601811,新华文轩,四川,出版业,主板,20160808
3284,601816.SH,601816,京沪高铁,北京,铁路,主板,20200116
3285,601818.SH,601818,光大银行,北京,银行,主板,20100818
3286,601827.SH,601827,三峰环境,重庆,环境保护,主板,20200605
3287,601828.SH,601828,美凯龙,上海,其他商业,主板,20180117
3288,601838.SH,601838,成都银行,四川,银行,主板,20180131
3289,601857.SH,601857,中国石油,北京,石油开采,主板,20071105
3290,601858.SH,601858,中国科传,北京,出版业,主板,20170118
3291,601860.SH,601860,紫金银行,江苏,银行,主板,20190103
3292,601865.SH,601865,福莱特,浙江,玻璃,主板,20190215
3293,601866.SH,601866,中远海发,上海,水运,主板,20071212
3294,601869.SH,601869,长飞光纤,湖北,通信设备,主板,20180720
3295,601872.SH,601872,招商轮船,上海,水运,主板,20061201
3296,601877.SH,601877,正泰电器,浙江,电气设备,主板,20100121
3297,601878.SH,601878,浙商证券,浙江,证券,主板,20170626
3298,601880.SH,601880,大连港,辽宁,港口,主板,20101206
3299,601881.SH,601881,中国银河,北京,证券,主板,20170123
3300,601882.SH,601882,海天精工,浙江,机床制造,主板,20161107
3301,601886.SH,601886,江河集团,北京,装修装饰,主板,20110818
3302,601888.SH,601888,中国中免,北京,旅游服务,主板,20091015
3303,601890.SH,601890,亚星锚链,江苏,船舶,主板,20101228
3304,601898.SH,601898,中煤能源,北京,煤炭开采,主板,20080201
3305,601899.SH,601899,紫金矿业,福建,黄金,主板,20080425
3306,601900.SH,601900,南方传媒,广东,出版业,主板,20160215
3307,601901.SH,601901,方正证券,湖南,证券,主板,20110810
3308,601908.SH,601908,京运通,北京,新型电力,主板,20110908
3309,601916.SH,601916,浙商银行,浙江,银行,主板,20191126
3310,601918.SH,601918,新集能源,安徽,煤炭开采,主板,20071219
3311,601919.SH,601919,中远海控,天津,水运,主板,20070626
3312,601928.SH,601928,凤凰传媒,江苏,出版业,主板,20111130
3313,601929.SH,601929,吉视传媒,吉林,影视音像,主板,20120223
3314,601933.SH,601933,永辉超市,福建,超市连锁,主板,20101215
3315,601939.SH,601939,建设银行,北京,银行,主板,20070925
3316,601949.SH,601949,中国出版,北京,出版业,主板,20170821
3317,601952.SH,601952,苏垦农发,江苏,种植业,主板,20170515
3318,601958.SH,601958,金钼股份,陕西,小金属,主板,20080417
3319,601965.SH,601965,中国汽研,重庆,汽车服务,主板,20120611
3320,601966.SH,601966,玲珑轮胎,山东,汽车配件,主板,20160706
3321,601968.SH,601968,宝钢包装,上海,广告包装,主板,20150611
3322,601969.SH,601969,海南矿业,海南,普钢,主板,20141209
3323,601975.SH,601975,招商南油,江苏,水运,主板,20190108
3324,601985.SH,601985,中国核电,北京,新型电力,主板,20150610
3325,601988.SH,601988,中国银行,北京,银行,主板,20060705
3326,601989.SH,601989,中国重工,北京,船舶,主板,20091216
3327,601990.SH,601990,南京证券,江苏,证券,主板,20180613
3328,601991.SH,601991,大唐发电,北京,火力发电,主板,20061220
3329,601992.SH,601992,金隅集团,北京,水泥,主板,20110301
3330,601995.SH,601995,中金公司,北京,证券,主板,20201102
3331,601996.SH,601996,丰林集团,广西,家居用品,主板,20110929
3332,601997.SH,601997,贵阳银行,贵州,银行,主板,20160816
3333,601998.SH,601998,中信银行,北京,银行,主板,20070427
3334,601999.SH,601999,出版传媒,辽宁,出版业,主板,20071221
3335,603000.SH,603000,人民网,北京,互联网,主板,20120427
3336,603001.SH,603001,奥康国际,浙江,服饰,主板,20120426
3337,603002.SH,603002,宏昌电子,广东,化工原料,主板,20120518
3338,603003.SH,603003,龙宇燃油,上海,石油贸易,主板,20120817
3339,603005.SH,603005,晶方科技,江苏,半导体,主板,20140210
3340,603006.SH,603006,联明股份,上海,汽车配件,主板,20140630
3341,603007.SH,603007,花王股份,江苏,建筑工程,主板,20160826
3342,603008.SH,603008,喜临门,浙江,家居用品,主板,20120717
3343,603009.SH,603009,北特科技,上海,汽车配件,主板,20140718
3344,603010.SH,603010,万盛股份,浙江,化工原料,主板,20141010
3345,603011.SH,603011,合锻智能,安徽,机床制造,主板,20141107
3346,603012.SH,603012,创力集团,上海,专用机械,主板,20150320
3347,603013.SH,603013,亚普股份,江苏,汽车配件,主板,20180509
3348,603015.SH,603015,弘讯科技,浙江,电气设备,主板,20150303
3349,603016.SH,603016,新宏泰,江苏,电气设备,主板,20160701
3350,603017.SH,603017,中衡设计,江苏,建筑工程,主板,20141231
3351,603018.SH,603018,华设集团,江苏,建筑工程,主板,20141013
3352,603019.SH,603019,中科曙光,天津,IT设备,主板,20141106
3353,603020.SH,603020,爱普股份,上海,食品,主板,20150325
3354,603021.SH,603021,山东华鹏,山东,玻璃,主板,20150423
3355,603022.SH,603022,新通联,上海,广告包装,主板,20150518
3356,603023.SH,603023,威帝股份,黑龙江,汽车配件,主板,20150527
3357,603025.SH,603025,大豪科技,北京,IT设备,主板,20150422
3358,603026.SH,603026,石大胜华,山东,化工原料,主板,20150529
3359,603027.SH,603027,千禾味业,四川,食品,主板,20160307
3360,603028.SH,603028,赛福天,江苏,钢加工,主板,20160331
3361,603029.SH,603029,天鹅股份,山东,农用机械,主板,20160427
3362,603030.SH,603030,全筑股份,上海,装修装饰,主板,20150320
3363,603031.SH,603031,安德利,安徽,百货,主板,20160822
3364,603032.SH,603032,德新交运,新疆,公路,主板,20170105
3365,603033.SH,603033,三维股份,浙江,橡胶,主板,20161207
3366,603035.SH,603035,常熟汽饰,江苏,汽车配件,主板,20170105
3367,603036.SH,603036,如通股份,江苏,专用机械,主板,20161209
3368,603037.SH,603037,凯众股份,上海,汽车配件,主板,20170120
3369,603038.SH,603038,华立股份,广东,装修装饰,主板,20170116
3370,603039.SH,603039,泛微网络,上海,软件服务,主板,20170113
3371,603040.SH,603040,新坐标,浙江,机械基件,主板,20170209
3372,603041.SH,603041,美思德,江苏,化工原料,主板,20170330
3373,603042.SH,603042,华脉科技,江苏,通信设备,主板,20170602
3374,603043.SH,603043,广州酒家,广东,食品,主板,20170627
3375,603045.SH,603045,福达合金,浙江,电气设备,主板,20180517
3376,603050.SH,603050,科林电气,河北,电气设备,主板,20170414
3377,603053.SH,603053,成都燃气,四川,供气供热,主板,20191217
3378,603055.SH,603055,台华新材,浙江,纺织,主板,20170921
3379,603056.SH,603056,德邦股份,上海,仓储物流,主板,20180116
3380,603058.SH,603058,永吉股份,贵州,广告包装,主板,20161223
3381,603059.SH,603059,倍加洁,江苏,家居用品,主板,20180302
3382,603060.SH,603060,国检集团,北京,建筑工程,主板,20161109
3383,603063.SH,603063,禾望电气,深圳,电气设备,主板,20170728
3384,603066.SH,603066,音飞储存,江苏,仓储物流,主板,20150611
3385,603067.SH,603067,振华股份,湖北,化工原料,主板,20160913
3386,603068.SH,603068,博通集成,上海,半导体,主板,20190415
3387,603069.SH,603069,海汽集团,海南,公路,主板,20160712
3388,603076.SH,603076,乐惠国际,浙江,专用机械,主板,20171113
3389,603077.SH,603077,和邦生物,四川,化工原料,主板,20120731
3390,603078.SH,603078,江化微,江苏,化工原料,主板,20170410
3391,603079.SH,603079,圣达生物,浙江,食品,主板,20170823
3392,603080.SH,603080,新疆火炬,新疆,供气供热,主板,20180103
3393,603081.SH,603081,大丰实业,浙江,专用机械,主板,20170420
3394,603083.SH,603083,剑桥科技,上海,通信设备,主板,20171110
3395,603085.SH,603085,天成自控,浙江,汽车配件,主板,20150630
3396,603086.SH,603086,先达股份,山东,农药化肥,主板,20170511
3397,603087.SH,603087,甘李药业,北京,生物制药,主板,20200629
3398,603088.SH,603088,宁波精达,浙江,专用机械,主板,20141111
3399,603089.SH,603089,正裕工业,浙江,汽车配件,主板,20170126
3400,603090.SH,603090,宏盛股份,江苏,专用机械,主板,20160831
3401,603093.SH,603093,南华期货,浙江,多元金融,主板,20190830
3402,603095.SH,603095,越剑智能,浙江,纺织机械,主板,20200415
3403,603096.SH,603096,新经典,天津,出版业,主板,20170425
3404,603098.SH,603098,森特股份,北京,装修装饰,主板,20161216
3405,603099.SH,603099,长白山,吉林,旅游景点,主板,20140822
3406,603100.SH,603100,川仪股份,重庆,电器仪表,主板,20140805
3407,603101.SH,603101,汇嘉时代,新疆,百货,主板,20160506
3408,603103.SH,603103,横店影视,浙江,影视音像,主板,20171012
3409,603105.SH,603105,芯能科技,浙江,电气设备,主板,20180709
3410,603106.SH,603106,恒银科技,天津,IT设备,主板,20170920
3411,603108.SH,603108,润达医疗,上海,医药商业,主板,20150527
3412,603109.SH,603109,神驰机电,重庆,电气设备,主板,20191231
3413,603110.SH,603110,东方材料,浙江,染料涂料,主板,20171013
3414,603111.SH,603111,康尼机电,江苏,运输设备,主板,20140801
3415,603112.SH,603112,华翔股份,山西,机械基件,主板,20200917
3416,603113.SH,603113,金能科技,山东,化工原料,主板,20170511
3417,603115.SH,603115,海星股份,江苏,元器件,主板,20190809
3418,603116.SH,603116,红蜻蜓,浙江,服饰,主板,20150629
3419,603117.SH,603117,万林物流,江苏,仓储物流,主板,20150629
3420,603118.SH,603118,共进股份,深圳,通信设备,主板,20150225
3421,603121.SH,603121,华培动力,上海,汽车配件,主板,20190111
3422,603123.SH,603123,翠微股份,北京,百货,主板,20120503
3423,603126.SH,603126,中材节能,天津,环境保护,主板,20140731
3424,603127.SH,603127,昭衍新药,北京,医疗保健,主板,20170825
3425,603128.SH,603128,华贸物流,上海,仓储物流,主板,20120529
3426,603129.SH,603129,春风动力,浙江,摩托车,主板,20170818
3427,603131.SH,603131,上海沪工,上海,专用机械,主板,20160607
3428,603133.SH,603133,碳元科技,江苏,元器件,主板,20170320
3429,603136.SH,603136,天目湖,江苏,旅游景点,主板,20170927
3430,603138.SH,603138,海量数据,北京,软件服务,主板,20170306
3431,603139.SH,603139,康惠制药,陕西,中成药,主板,20170421
3432,603155.SH,603155,新亚强,江苏,化工原料,主板,20200901
3433,603156.SH,603156,养元饮品,河北,软饮料,主板,20180212
3434,603157.SH,603157,*ST拉夏,新疆,服饰,主板,20170925
3435,603158.SH,603158,腾龙股份,江苏,汽车配件,主板,20150320
3436,603159.SH,603159,上海亚虹,上海,专用机械,主板,20160812
3437,603160.SH,603160,汇顶科技,深圳,元器件,主板,20161017
3438,603161.SH,603161,科华控股,江苏,汽车配件,主板,20180105
3439,603165.SH,603165,荣晟环保,浙江,造纸,主板,20170117
3440,603166.SH,603166,福达股份,广西,汽车配件,主板,20141127
3441,603167.SH,603167,渤海轮渡,山东,水运,主板,20120906
3442,603168.SH,603168,莎普爱思,浙江,化学制药,主板,20140702
3443,603169.SH,603169,兰石重装,甘肃,专用机械,主板,20141009
3444,603177.SH,603177,德创环保,浙江,环境保护,主板,20170207
3445,603178.SH,603178,圣龙股份,浙江,汽车配件,主板,20170328
3446,603179.SH,603179,新泉股份,江苏,汽车配件,主板,20170317
3447,603180.SH,603180,金牌厨柜,福建,家居用品,主板,20170512
3448,603181.SH,603181,皇马科技,浙江,化工原料,主板,20170824
3449,603183.SH,603183,建研院,江苏,建筑工程,主板,20170905
3450,603185.SH,603185,上机数控,江苏,机床制造,主板,20181228
3451,603186.SH,603186,华正新材,浙江,元器件,主板,20170103
3452,603187.SH,603187,海容冷链,山东,机械基件,主板,20181129
3453,603188.SH,603188,ST亚邦,江苏,染料涂料,主板,20140909
3454,603189.SH,603189,网达软件,上海,软件服务,主板,20160914
3455,603192.SH,603192,汇得科技,上海,化工原料,主板,20180828
3456,603195.SH,603195,公牛集团,浙江,电气设备,主板,20200206
3457,603196.SH,603196,日播时尚,上海,服饰,主板,20170531
3458,603197.SH,603197,保隆科技,上海,汽车配件,主板,20170519
3459,603198.SH,603198,迎驾贡酒,安徽,白酒,主板,20150528
3460,603199.SH,603199,九华旅游,安徽,旅游景点,主板,20150326
3461,603200.SH,603200,上海洗霸,上海,环境保护,主板,20170601
3462,603203.SH,603203,快克股份,江苏,专用机械,主板,20161108
3463,603208.SH,603208,江山欧派,浙江,家居用品,主板,20170210
3464,603212.SH,603212,赛伍技术,江苏,塑料,主板,20200430
3465,603214.SH,603214,爱婴室,上海,百货,主板,20180330
3466,603217.SH,603217,元利科技,山东,化工原料,主板,20190620
3467,603218.SH,603218,日月股份,浙江,工程机械,主板,20161228
3468,603220.SH,603220,中贝通信,湖北,通信设备,主板,20181115
3469,603221.SH,603221,爱丽家居,江苏,家居用品,主板,20200323
3470,603222.SH,603222,济民制药,浙江,化学制药,主板,20150217
3471,603223.SH,603223,恒通股份,山东,供气供热,主板,20150630
3472,603225.SH,603225,新凤鸣,浙江,化纤,主板,20170418
3473,603226.SH,603226,菲林格尔,上海,家居用品,主板,20170615
3474,603227.SH,603227,雪峰科技,新疆,化工原料,主板,20150515
3475,603228.SH,603228,景旺电子,深圳,元器件,主板,20170106
3476,603229.SH,603229,奥翔药业,浙江,化学制药,主板,20170509
3477,603232.SH,603232,格尔软件,上海,软件服务,主板,20170421
3478,603233.SH,603233,大参林,广东,医药商业,主板,20170731
3479,603236.SH,603236,移远通信,上海,通信设备,主板,20190716
3480,603238.SH,603238,诺邦股份,浙江,纺织,主板,20170222
3481,603239.SH,603239,浙江仙通,浙江,汽车配件,主板,20161230
3482,603256.SH,603256,宏和科技,上海,玻璃,主板,20190719
3483,603258.SH,603258,电魂网络,浙江,互联网,主板,20161026
3484,603259.SH,603259,药明康德,江苏,化学制药,主板,20180508
3485,603260.SH,603260,合盛硅业,浙江,化工原料,主板,20171030
3486,603266.SH,603266,天龙股份,浙江,塑料,主板,20170110
3487,603267.SH,603267,鸿远电子,北京,元器件,主板,20190515
3488,603268.SH,603268,松发股份,广东,陶瓷,主板,20150319
3489,603269.SH,603269,海鸥股份,江苏,机械基件,主板,20170517
3490,603277.SH,603277,银都股份,浙江,专用机械,主板,20170911
3491,603278.SH,603278,大业股份,山东,钢加工,主板,20171113
3492,603279.SH,603279,景津环保,山东,环境保护,主板,20190729
3493,603283.SH,603283,赛腾股份,江苏,专用机械,主板,20171225
3494,603286.SH,603286,日盈电子,江苏,汽车配件,主板,20170627
3495,603288.SH,603288,海天味业,广东,食品,主板,20140211
3496,603289.SH,603289,泰瑞机器,浙江,专用机械,主板,20171031
3497,603290.SH,603290,斯达半导,浙江,半导体,主板,20200204
3498,603297.SH,603297,永新光学,浙江,电器仪表,主板,20180910
3499,603298.SH,603298,杭叉集团,浙江,专用机械,主板,20161227
3500,603299.SH,603299,苏盐井神,江苏,化工原料,主板,20151231
3501,603300.SH,603300,华铁应急,浙江,钢加工,主板,20150529
3502,603301.SH,603301,振德医疗,浙江,医疗保健,主板,20180412
3503,603303.SH,603303,得邦照明,浙江,家用电器,主板,20170330
3504,603305.SH,603305,旭升股份,浙江,汽车配件,主板,20170710
3505,603306.SH,603306,华懋科技,福建,汽车配件,主板,20140926
3506,603308.SH,603308,应流股份,安徽,专用机械,主板,20140122
3507,603309.SH,603309,维力医疗,广东,医疗保健,主板,20150302
3508,603311.SH,603311,金海高科,浙江,专用机械,主板,20150518
3509,603313.SH,603313,梦百合,江苏,家居用品,主板,20161013
3510,603315.SH,603315,福鞍股份,辽宁,机械基件,主板,20150424
3511,603316.SH,603316,诚邦股份,浙江,建筑工程,主板,20170619
3512,603317.SH,603317,天味食品,四川,食品,主板,20190416
3513,603318.SH,603318,派思股份,辽宁,专用机械,主板,20150424
3514,603319.SH,603319,湘油泵,湖南,汽车配件,主板,20161130
3515,603320.SH,603320,迪贝电气,浙江,机械基件,主板,20170502
3516,603321.SH,603321,梅轮电梯,浙江,运输设备,主板,20170915
3517,603322.SH,603322,超讯通信,广东,通信设备,主板,20160728
3518,603323.SH,603323,苏农银行,江苏,银行,主板,20161129
3519,603326.SH,603326,我乐家居,江苏,家居用品,主板,20170616
3520,603327.SH,603327,福蓉科技,四川,元器件,主板,20190523
3521,603328.SH,603328,依顿电子,广东,元器件,主板,20140701
3522,603329.SH,603329,上海雅仕,上海,仓储物流,主板,20171229
3523,603330.SH,603330,上海天洋,上海,塑料,主板,20170213
3524,603331.SH,603331,百达精工,浙江,专用机械,主板,20170705
3525,603332.SH,603332,苏州龙杰,江苏,化纤,主板,20190117
3526,603333.SH,603333,尚纬股份,四川,电气设备,主板,20120507
3527,603335.SH,603335,迪生力,广东,汽车配件,主板,20170620
3528,603336.SH,603336,宏辉果蔬,广东,农业综合,主板,20161124
3529,603337.SH,603337,杰克股份,浙江,纺织机械,主板,20170119
3530,603338.SH,603338,浙江鼎力,浙江,专用机械,主板,20150325
3531,603339.SH,603339,四方科技,江苏,专用机械,主板,20160519
3532,603345.SH,603345,安井食品,福建,食品,主板,20170222
3533,603348.SH,603348,文灿股份,广东,汽车配件,主板,20180426
3534,603351.SH,603351,威尔药业,江苏,化学制药,主板,20190130
3535,603353.SH,603353,和顺石油,湖南,石油贸易,主板,20200407
3536,603355.SH,603355,莱克电气,江苏,家用电器,主板,20150513
3537,603356.SH,603356,华菱精工,安徽,机械基件,主板,20180124
3538,603357.SH,603357,设计总院,安徽,建筑工程,主板,20170801
3539,603358.SH,603358,华达科技,江苏,汽车配件,主板,20170125
3540,603359.SH,603359,东珠生态,江苏,环境保护,主板,20170901
3541,603360.SH,603360,百傲化学,辽宁,化工原料,主板,20170206
3542,603363.SH,603363,傲农生物,福建,饲料,主板,20170926
3543,603365.SH,603365,水星家纺,上海,纺织,主板,20171120
3544,603366.SH,603366,日出东方,江苏,家用电器,主板,20120521
3545,603367.SH,603367,辰欣药业,山东,化学制药,主板,20170929
3546,603368.SH,603368,柳药股份,广西,医药商业,主板,20141204
3547,603369.SH,603369,今世缘,江苏,白酒,主板,20140703
3548,603377.SH,603377,东方时尚,北京,汽车服务,主板,20160205
3549,603378.SH,603378,亚士创能,上海,染料涂料,主板,20170928
3550,603379.SH,603379,三美股份,浙江,化工原料,主板,20190402
3551,603380.SH,603380,易德龙,江苏,元器件,主板,20170622
3552,603383.SH,603383,顶点软件,福建,软件服务,主板,20170522
3553,603385.SH,603385,惠达卫浴,河北,家居用品,主板,20170405
3554,603386.SH,603386,广东骏亚,广东,元器件,主板,20170912
3555,603387.SH,603387,基蛋生物,江苏,医疗保健,主板,20170717
3556,603388.SH,603388,元成股份,浙江,建筑工程,主板,20170324
3557,603389.SH,603389,*ST亚振,江苏,家居用品,主板,20161215
3558,603390.SH,603390,通达电气,广东,汽车配件,主板,20191125
3559,603392.SH,603392,万泰生物,北京,医疗保健,主板,20200429
3560,603393.SH,603393,新天然气,新疆,供气供热,主板,20160912
3561,603396.SH,603396,金辰股份,辽宁,专用机械,主板,20171018
3562,603398.SH,603398,邦宝益智,广东,文教休闲,主板,20151209
3563,603399.SH,603399,吉翔股份,辽宁,小金属,主板,20120824
3564,603408.SH,603408,建霖家居,福建,家居用品,主板,20200730
3565,603416.SH,603416,信捷电气,江苏,电气设备,主板,20161221
3566,603421.SH,603421,鼎信通讯,山东,通信设备,主板,20161011
3567,603429.SH,603429,集友股份,安徽,广告包装,主板,20170124
3568,603439.SH,603439,贵州三力,贵州,中成药,主板,20200428
3569,603444.SH,603444,吉比特,福建,互联网,主板,20170104
3570,603456.SH,603456,九洲药业,浙江,化学制药,主板,20141010
3571,603458.SH,603458,勘设股份,贵州,建筑工程,主板,20170809
3572,603466.SH,603466,风语筑,上海,文教休闲,主板,20171020
3573,603477.SH,603477,巨星农牧,四川,纺织,主板,20171218
3574,603486.SH,603486,科沃斯,江苏,家用电器,主板,20180528
3575,603488.SH,603488,展鹏科技,江苏,电气设备,主板,20170516
3576,603489.SH,603489,八方股份,江苏,电气设备,主板,20191111
3577,603496.SH,603496,恒为科技,上海,IT设备,主板,20170607
3578,603499.SH,603499,翔港科技,上海,广告包装,主板,20171016
3579,603500.SH,603500,祥和实业,浙江,运输设备,主板,20170904
3580,603501.SH,603501,韦尔股份,上海,半导体,主板,20170504
3581,603505.SH,603505,金石资源,浙江,矿物制品,主板,20170503
3582,603506.SH,603506,南都物业,浙江,房产服务,主板,20180201
3583,603507.SH,603507,振江股份,江苏,钢加工,主板,20171106
3584,603508.SH,603508,思维列控,河南,软件服务,主板,20151224
3585,603515.SH,603515,欧普照明,上海,电气设备,主板,20160819
3586,603516.SH,603516,淳中科技,北京,通信设备,主板,20180202
3587,603517.SH,603517,绝味食品,湖南,食品,主板,20170317
3588,603518.SH,603518,锦泓集团,江苏,服饰,主板,20141203
3589,603519.SH,603519,立霸股份,江苏,家用电器,主板,20150319
3590,603520.SH,603520,司太立,浙江,化学制药,主板,20160309
3591,603527.SH,603527,众源新材,安徽,铜,主板,20170907
3592,603528.SH,603528,多伦科技,江苏,软件服务,主板,20160503
3593,603530.SH,603530,神马电力,江苏,电气设备,主板,20190805
3594,603533.SH,603533,掌阅科技,北京,互联网,主板,20170921
3595,603535.SH,603535,嘉诚国际,广东,仓储物流,主板,20170808
3596,603536.SH,603536,惠发食品,山东,食品,主板,20170613
3597,603538.SH,603538,美诺华,浙江,化学制药,主板,20170407
3598,603551.SH,603551,奥普家居,浙江,家居用品,主板,20200115
3599,603555.SH,603555,*ST贵人,福建,服饰,主板,20140124
3600,603556.SH,603556,海兴电力,浙江,电器仪表,主板,20161110
3601,603557.SH,603557,起步股份,浙江,服饰,主板,20170818
3602,603558.SH,603558,健盛集团,浙江,纺织,主板,20150127
3603,603559.SH,603559,中通国脉,吉林,通信设备,主板,20161202
3604,603565.SH,603565,中谷物流,上海,仓储物流,主板,20200925
3605,603566.SH,603566,普莱柯,河南,生物制药,主板,20150518
3606,603567.SH,603567,珍宝岛,黑龙江,中成药,主板,20150424
3607,603568.SH,603568,伟明环保,浙江,环境保护,主板,20150528
3608,603569.SH,603569,长久物流,北京,仓储物流,主板,20160810
3609,603577.SH,603577,汇金通,山东,钢加工,主板,20161222
3610,603578.SH,603578,三星新材,浙江,玻璃,主板,20170306
3611,603579.SH,603579,荣泰健康,上海,医疗保健,主板,20170111
3612,603580.SH,603580,艾艾精工,上海,化工原料,主板,20170525
3613,603583.SH,603583,捷昌驱动,浙江,电气设备,主板,20180921
3614,603585.SH,603585,苏利股份,江苏,化工原料,主板,20161214
3615,603586.SH,603586,金麒麟,山东,汽车配件,主板,20170406
3616,603587.SH,603587,地素时尚,上海,服饰,主板,20180622
3617,603588.SH,603588,高能环境,北京,环境保护,主板,20141229
3618,603589.SH,603589,口子窖,安徽,白酒,主板,20150629
3619,603590.SH,603590,康辰药业,北京,化学制药,主板,20180827
3620,603595.SH,603595,东尼电子,浙江,元器件,主板,20170712
3621,603596.SH,603596,伯特利,安徽,汽车配件,主板,20180427
3622,603598.SH,603598,引力传媒,北京,影视音像,主板,20150527
3623,603599.SH,603599,广信股份,安徽,农药化肥,主板,20150513
3624,603600.SH,603600,永艺股份,浙江,家居用品,主板,20150123
3625,603601.SH,603601,再升科技,重庆,玻璃,主板,20150122
3626,603602.SH,603602,纵横通信,浙江,通信设备,主板,20170810
3627,603603.SH,603603,博天环境,北京,环境保护,主板,20170217
3628,603605.SH,603605,珀莱雅,浙江,日用化工,主板,20171115
3629,603606.SH,603606,东方电缆,浙江,电气设备,主板,20141015
3630,603607.SH,603607,京华激光,浙江,造纸,主板,20171025
3631,603608.SH,603608,天创时尚,广东,服饰,主板,20160218
3632,603609.SH,603609,禾丰牧业,辽宁,饲料,主板,20140808
3633,603610.SH,603610,麒盛科技,浙江,家居用品,主板,20191029
3634,603611.SH,603611,诺力股份,浙江,运输设备,主板,20150128
3635,603612.SH,603612,索通发展,山东,矿物制品,主板,20170718
3636,603613.SH,603613,国联股份,北京,互联网,主板,20190730
3637,603615.SH,603615,茶花股份,福建,家居用品,主板,20170213
3638,603616.SH,603616,韩建河山,北京,其他建材,主板,20150611
3639,603617.SH,603617,君禾股份,浙江,专用机械,主板,20170703
3640,603618.SH,603618,杭电股份,浙江,电气设备,主板,20150217
3641,603619.SH,603619,中曼石油,上海,石油开采,主板,20171117
3642,603626.SH,603626,科森科技,江苏,专用机械,主板,20170209
3643,603628.SH,603628,清源股份,福建,电气设备,主板,20170112
3644,603629.SH,603629,利通电子,江苏,元器件,主板,20181224
3645,603630.SH,603630,拉芳家化,广东,日用化工,主板,20170313
3646,603633.SH,603633,徕木股份,上海,元器件,主板,20161117
3647,603636.SH,603636,南威软件,福建,软件服务,主板,20141230
3648,603637.SH,603637,镇海股份,浙江,建筑工程,主板,20170208
3649,603638.SH,603638,艾迪精密,山东,专用机械,主板,20170120
3650,603639.SH,603639,海利尔,山东,农药化肥,主板,20170112
3651,603648.SH,603648,畅联股份,上海,仓储物流,主板,20170913
3652,603650.SH,603650,彤程新材,上海,化工原料,主板,20180627
3653,603655.SH,603655,朗博科技,江苏,汽车配件,主板,20171229
3654,603656.SH,603656,泰禾智能,安徽,专用机械,主板,20170321
3655,603657.SH,603657,春光科技,浙江,塑料,主板,20180730
3656,603658.SH,603658,安图生物,河南,医疗保健,主板,20160901
3657,603659.SH,603659,璞泰来,上海,化工原料,主板,20171103
3658,603660.SH,603660,苏州科达,江苏,通信设备,主板,20161201
3659,603661.SH,603661,恒林股份,浙江,家居用品,主板,20171121
3660,603662.SH,603662,柯力传感,浙江,电器仪表,主板,20190806
3661,603663.SH,603663,三祥新材,福建,矿物制品,主板,20160801
3662,603665.SH,603665,康隆达,浙江,纺织,主板,20170313
3663,603666.SH,603666,亿嘉和,江苏,专用机械,主板,20180612
3664,603667.SH,603667,五洲新春,浙江,机械基件,主板,20161025
3665,603668.SH,603668,天马科技,福建,饲料,主板,20170117
3666,603669.SH,603669,灵康药业,西藏,化学制药,主板,20150528
3667,603676.SH,603676,卫信康,西藏,化学制药,主板,20170721
3668,603677.SH,603677,奇精机械,浙江,机械基件,主板,20170206
3669,603678.SH,603678,火炬电子,福建,元器件,主板,20150126
3670,603679.SH,603679,华体科技,四川,电气设备,主板,20170621
3671,603680.SH,603680,今创集团,江苏,运输设备,主板,20180227
3672,603681.SH,603681,永冠新材,上海,化工原料,主板,20190326
3673,603682.SH,603682,锦和商业,上海,房产服务,主板,20200421
3674,603683.SH,603683,晶华新材,上海,化工原料,主板,20171020
3675,603685.SH,603685,晨丰科技,浙江,电气设备,主板,20171127
3676,603686.SH,603686,龙马环卫,福建,环境保护,主板,20150126
3677,603687.SH,603687,大胜达,浙江,广告包装,主板,20190726
3678,603688.SH,603688,石英股份,江苏,矿物制品,主板,20141031
3679,603689.SH,603689,皖天然气,安徽,供气供热,主板,20170110
3680,603690.SH,603690,至纯科技,上海,专用机械,主板,20170113
3681,603693.SH,603693,江苏新能,江苏,新型电力,主板,20180703
3682,603696.SH,603696,安记食品,福建,食品,主板,20151209
3683,603697.SH,603697,有友食品,重庆,食品,主板,20190508
3684,603698.SH,603698,航天工程,北京,专用机械,主板,20150128
3685,603699.SH,603699,纽威股份,江苏,专用机械,主板,20140117
3686,603700.SH,603700,宁水集团,浙江,电器仪表,主板,20190122
3687,603701.SH,603701,德宏股份,浙江,汽车配件,主板,20160412
3688,603703.SH,603703,盛洋科技,浙江,通信设备,主板,20150423
3689,603706.SH,603706,东方环宇,新疆,供气供热,主板,20180709
3690,603707.SH,603707,健友股份,江苏,化学制药,主板,20170719
3691,603708.SH,603708,家家悦,山东,超市连锁,主板,20161213
3692,603709.SH,603709,中源家居,浙江,家居用品,主板,20180208
3693,603711.SH,603711,香飘飘,浙江,软饮料,主板,20171130
3694,603712.SH,603712,七一二,天津,通信设备,主板,20180226
3695,603713.SH,603713,密尔克卫,上海,仓储物流,主板,20180713
3696,603716.SH,603716,塞力医疗,湖北,医药商业,主板,20161031
3697,603717.SH,603717,天域生态,重庆,环境保护,主板,20170327
3698,603718.SH,603718,海利生物,上海,生物制药,主板,20150515
3699,603719.SH,603719,良品铺子,湖北,食品,主板,20200224
3700,603721.SH,603721,中广天择,湖南,影视音像,主板,20170811
3701,603722.SH,603722,阿科力,江苏,化工原料,主板,20171025
3702,603725.SH,603725,天安新材,广东,塑料,主板,20170906
3703,603726.SH,603726,朗迪集团,浙江,机械基件,主板,20160421
3704,603727.SH,603727,博迈科,天津,石油开采,主板,20161122
3705,603728.SH,603728,鸣志电器,上海,电气设备,主板,20170509
3706,603729.SH,603729,龙韵股份,上海,广告包装,主板,20150324
3707,603730.SH,603730,岱美股份,上海,汽车配件,主板,20170728
3708,603733.SH,603733,仙鹤股份,浙江,造纸,主板,20180420
3709,603737.SH,603737,三棵树,福建,染料涂料,主板,20160603
3710,603738.SH,603738,泰晶科技,湖北,元器件,主板,20160928
3711,603739.SH,603739,蔚蓝生物,山东,农业综合,主板,20190116
3712,603755.SH,603755,日辰股份,山东,食品,主板,20190828
3713,603757.SH,603757,大元泵业,浙江,专用机械,主板,20170711
3714,603758.SH,603758,秦安股份,重庆,汽车配件,主板,20170517
3715,603766.SH,603766,隆鑫通用,重庆,摩托车,主板,20120810
3716,603767.SH,603767,中马传动,浙江,汽车配件,主板,20170613
3717,603768.SH,603768,常青股份,安徽,汽车配件,主板,20170324
3718,603773.SH,603773,沃格光电,江西,元器件,主板,20180417
3719,603776.SH,603776,永安行,江苏,公共交通,主板,20170817
3720,603777.SH,603777,来伊份,上海,食品,主板,20161012
3721,603778.SH,603778,乾景园林,北京,建筑工程,主板,20151231
3722,603779.SH,603779,ST威龙,山东,红黄酒,主板,20160516
3723,603786.SH,603786,科博达,上海,汽车配件,主板,20191015
3724,603787.SH,603787,新日股份,江苏,摩托车,主板,20170427
3725,603788.SH,603788,宁波高发,浙江,汽车配件,主板,20150120
3726,603789.SH,603789,星光农机,浙江,农用机械,主板,20150427
3727,603790.SH,603790,雅运股份,上海,染料涂料,主板,20180912
3728,603797.SH,603797,联泰环保,广东,环境保护,主板,20170413
3729,603798.SH,603798,康普顿,山东,石油加工,主板,20160406
3730,603799.SH,603799,华友钴业,浙江,小金属,主板,20150129
3731,603800.SH,603800,道森股份,江苏,专用机械,主板,20151210
3732,603801.SH,603801,志邦家居,安徽,家居用品,主板,20170630
3733,603803.SH,603803,瑞斯康达,北京,通信设备,主板,20170420
3734,603806.SH,603806,福斯特,浙江,塑料,主板,20140905
3735,603808.SH,603808,歌力思,深圳,服饰,主板,20150422
3736,603809.SH,603809,豪能股份,四川,汽车配件,主板,20171128
3737,603810.SH,603810,丰山集团,江苏,农药化肥,主板,20180917
3738,603811.SH,603811,诚意药业,浙江,化学制药,主板,20170315
3739,603813.SH,603813,原尚股份,广东,仓储物流,主板,20170918
3740,603815.SH,603815,交建股份,安徽,建筑工程,主板,20191021
3741,603816.SH,603816,顾家家居,浙江,家居用品,主板,20161014
3742,603817.SH,603817,海峡环保,福建,环境保护,主板,20170220
3743,603818.SH,603818,曲美家居,北京,家居用品,主板,20150422
3744,603819.SH,603819,神力股份,江苏,电气设备,主板,20161125
3745,603822.SH,603822,嘉澳环保,浙江,环境保护,主板,20160428
3746,603823.SH,603823,百合花,浙江,染料涂料,主板,20161220
3747,603825.SH,603825,华扬联众,北京,互联网,主板,20170802
3748,603826.SH,603826,坤彩科技,福建,染料涂料,主板,20170414
3749,603828.SH,603828,柯利达,江苏,装修装饰,主板,20150226
3750,603829.SH,603829,洛凯股份,江苏,电气设备,主板,20171017
3751,603833.SH,603833,欧派家居,广东,家居用品,主板,20170328
3752,603838.SH,603838,四通股份,广东,陶瓷,主板,20150701
3753,603839.SH,603839,安正时尚,浙江,服饰,主板,20170214
3754,603843.SH,603843,正平股份,青海,建筑工程,主板,20160905
3755,603848.SH,603848,好太太,广东,家居用品,主板,20171201
3756,603855.SH,603855,华荣股份,上海,专用机械,主板,20170524
3757,603856.SH,603856,东宏股份,山东,塑料,主板,20171106
3758,603858.SH,603858,步长制药,山东,中成药,主板,20161118
3759,603859.SH,603859,能科股份,北京,软件服务,主板,20161021
3760,603860.SH,603860,中公高科,北京,公路,主板,20170802
3761,603861.SH,603861,白云电器,广东,电气设备,主板,20160322
3762,603863.SH,603863,松炀资源,广东,造纸,主板,20190621
3763,603866.SH,603866,桃李面包,辽宁,食品,主板,20151222
3764,603867.SH,603867,新化股份,浙江,化工原料,主板,20190627
3765,603868.SH,603868,飞科电器,上海,家用电器,主板,20160418
3766,603869.SH,603869,新智认知,广西,软件服务,主板,20150326
3767,603871.SH,603871,嘉友国际,北京,仓储物流,主板,20180206
3768,603876.SH,603876,鼎胜新材,江苏,铝,主板,20180418
3769,603877.SH,603877,太平鸟,浙江,服饰,主板,20170109
3770,603878.SH,603878,武进不锈,江苏,钢加工,主板,20161219
3771,603879.SH,603879,永悦科技,福建,化工原料,主板,20170614
3772,603880.SH,603880,南卫股份,江苏,医疗保健,主板,20170807
3773,603881.SH,603881,数据港,上海,电信运营,主板,20170208
3774,603882.SH,603882,金域医学,广东,医疗保健,主板,20170908
3775,603883.SH,603883,老百姓,湖南,医药商业,主板,20150423
3776,603885.SH,603885,吉祥航空,上海,空运,主板,20150527
3777,603886.SH,603886,元祖股份,上海,食品,主板,20161228
3778,603887.SH,603887,城地香江,上海,软件服务,主板,20161010
3779,603888.SH,603888,新华网,北京,互联网,主板,20161028
3780,603889.SH,603889,新澳股份,浙江,纺织,主板,20141231
3781,603890.SH,603890,春秋电子,江苏,机械基件,主板,20171212
3782,603893.SH,603893,瑞芯微,福建,半导体,主板,20200207
3783,603895.SH,603895,天永智能,上海,专用机械,主板,20180122
3784,603896.SH,603896,寿仙谷,浙江,中成药,主板,20170510
3785,603897.SH,603897,长城科技,浙江,电气设备,主板,20180410
3786,603898.SH,603898,好莱客,广东,家居用品,主板,20150217
3787,603899.SH,603899,晨光文具,上海,文教休闲,主板,20150127
3788,603900.SH,603900,莱绅通灵,江苏,服饰,主板,20161123
3789,603901.SH,603901,永创智能,浙江,专用机械,主板,20150529
3790,603903.SH,603903,中持股份,北京,环境保护,主板,20170314
3791,603906.SH,603906,龙蟠科技,江苏,化工原料,主板,20170410
3792,603908.SH,603908,牧高笛,浙江,纺织,主板,20170307
3793,603909.SH,603909,合诚股份,福建,建筑工程,主板,20160628
3794,603912.SH,603912,佳力图,江苏,专用机械,主板,20171101
3795,603915.SH,603915,国茂股份,江苏,机械基件,主板,20190614
3796,603916.SH,603916,苏博特,江苏,化工原料,主板,20171110
3797,603917.SH,603917,合力科技,浙江,汽车配件,主板,20171204
3798,603918.SH,603918,金桥信息,上海,软件服务,主板,20150528
3799,603919.SH,603919,金徽酒,甘肃,白酒,主板,20160310
3800,603920.SH,603920,世运电路,广东,元器件,主板,20170426
3801,603922.SH,603922,金鸿顺,江苏,汽车配件,主板,20171023
3802,603926.SH,603926,铁流股份,浙江,汽车配件,主板,20170510
3803,603927.SH,603927,中科软,北京,软件服务,主板,20190909
3804,603928.SH,603928,兴业股份,江苏,化工原料,主板,20161212
3805,603929.SH,603929,亚翔集成,江苏,装修装饰,主板,20161230
3806,603931.SH,603931,格林达,浙江,化工原料,主板,20200819
3807,603933.SH,603933,睿能科技,福建,纺织机械,主板,20170706
3808,603936.SH,603936,博敏电子,广东,元器件,主板,20151209
3809,603937.SH,603937,丽岛新材,江苏,铝,主板,20171102
3810,603938.SH,603938,三孚股份,河北,化工原料,主板,20170628
3811,603939.SH,603939,益丰药房,湖南,医药商业,主板,20150217
3812,603948.SH,603948,建业股份,浙江,化工原料,主板,20200302
3813,603949.SH,603949,雪龙集团,浙江,汽车配件,主板,20200310
3814,603950.SH,603950,长源东谷,湖北,汽车配件,主板,20200526
3815,603955.SH,603955,大千生态,江苏,环境保护,主板,20170310
3816,603956.SH,603956,威派格,上海,专用机械,主板,20190222
3817,603958.SH,603958,哈森股份,江苏,服饰,主板,20160629
3818,603959.SH,603959,百利科技,湖南,建筑工程,主板,20160517
3819,603960.SH,603960,克来机电,上海,专用机械,主板,20170314
3820,603963.SH,603963,大理药业,云南,化学制药,主板,20170922
3821,603966.SH,603966,法兰泰克,江苏,机械基件,主板,20170125
3822,603967.SH,603967,中创物流,山东,仓储物流,主板,20190429
3823,603968.SH,603968,醋化股份,江苏,化工原料,主板,20150518
3824,603969.SH,603969,银龙股份,天津,其他建材,主板,20150227
3825,603970.SH,603970,中农立华,北京,其他商业,主板,20171116
3826,603976.SH,603976,正川股份,重庆,医疗保健,主板,20170822
3827,603977.SH,603977,国泰集团,江西,化工原料,主板,20161111
3828,603978.SH,603978,深圳新星,深圳,铝,主板,20170807
3829,603979.SH,603979,金诚信,北京,建筑工程,主板,20150630
3830,603980.SH,603980,吉华集团,浙江,染料涂料,主板,20170615
3831,603982.SH,603982,泉峰汽车,江苏,汽车配件,主板,20190522
3832,603983.SH,603983,丸美股份,广东,日用化工,主板,20190725
3833,603985.SH,603985,恒润股份,江苏,机械基件,主板,20170505
3834,603986.SH,603986,兆易创新,北京,半导体,主板,20160818
3835,603987.SH,603987,康德莱,上海,医疗保健,主板,20161121
3836,603988.SH,603988,中电电机,江苏,电气设备,主板,20141104
3837,603989.SH,603989,艾华集团,湖南,元器件,主板,20150515
3838,603990.SH,603990,麦迪科技,江苏,软件服务,主板,20161208
3839,603991.SH,603991,至正股份,上海,塑料,主板,20170308
3840,603992.SH,603992,松霖科技,福建,家居用品,主板,20190826
3841,603993.SH,603993,洛阳钼业,河南,小金属,主板,20121009
3842,603995.SH,603995,甬金股份,浙江,特种钢,主板,20191224
3843,603996.SH,603996,*ST中新,浙江,家用电器,主板,20151222
3844,603997.SH,603997,继峰股份,浙江,汽车配件,主板,20150302
3845,603998.SH,603998,方盛制药,湖南,中成药,主板,20141205
3846,603999.SH,603999,读者传媒,甘肃,出版业,主板,20151210
3847,605001.SH,605001,威奥股份,山东,运输设备,主板,20200522
3848,605003.SH,605003,众望布艺,浙江,纺织,主板,20200908
3849,605006.SH,605006,山东玻纤,山东,玻璃,主板,20200903
3850,605007.SH,605007,五洲特纸,浙江,造纸,主板,20201110
3851,605008.SH,605008,长鸿高科,浙江,塑料,主板,20200821
3852,605009.SH,605009,豪悦护理,浙江,造纸,主板,20200911
3853,605018.SH,605018,长华股份,浙江,汽车配件,主板,20200929
3854,605050.SH,605050,福然德,上海,仓储物流,主板,20200924
3855,605058.SH,605058,澳弘电子,江苏,元器件,主板,20201021
3856,605066.SH,605066,天正电气,浙江,电气设备,主板,20200807
3857,605068.SH,605068,明新旭腾,浙江,汽车配件,主板,20201123
3858,605088.SH,605088,冠盛股份,浙江,汽车配件,主板,20200817
3859,605099.SH,605099,共创草坪,江苏,文教休闲,主板,20200930
3860,605100.SH,605100,华丰股份,山东,机械基件,主板,20200811
3861,605108.SH,605108,同庆楼,安徽,酒店餐饮,主板,20200716
3862,605111.SH,605111,新洁能,江苏,半导体,主板,20200928
3863,605116.SH,605116,奥锐特,浙江,化学制药,主板,20200921
3864,605118.SH,605118,力鼎光电,福建,元器件,主板,20200730
3865,605123.SH,605123,派克新材,江苏,钢加工,主板,20200825
3866,605128.SH,605128,上海沿浦,上海,汽车配件,主板,20200915
3867,605136.SH,605136,丽人丽妆,上海,其他商业,主板,20200929
3868,605151.SH,605151,西上海,上海,汽车配件,主板,20201215
3869,605158.SH,605158,华达新材,浙江,钢加工,主板,20200805
3870,605166.SH,605166,聚合顺,浙江,化工原料,主板,20200618
3871,605168.SH,605168,三人行,陕西,互联网,主板,20200528
3872,605169.SH,605169,洪通燃气,新疆,供气供热,主板,20201030
3873,605177.SH,605177,东亚药业,浙江,化学制药,主板,20201125
3874,605178.SH,605178,时空科技,北京,装修装饰,主板,20200821
3875,605183.SH,605183,确成股份,江苏,化工原料,主板,20201207
3876,605188.SH,605188,国光连锁,江西,超市连锁,主板,20200728
3877,605198.SH,605198,德利股份,山东,软饮料,主板,20200918
3878,605199.SH,605199,葫芦娃,海南,中成药,主板,20200710
3879,605218.SH,605218,伟时电子,江苏,元器件,主板,20200928
3880,605222.SH,605222,起帆电缆,上海,电气设备,主板,20200731
3881,605255.SH,605255,天普股份,浙江,汽车配件,主板,20200825
3882,605258.SH,605258,协和电子,江苏,元器件,主板,20201203
3883,605266.SH,605266,健之佳,云南,医药商业,主板,20201201
3884,605288.SH,605288,凯迪股份,江苏,电气设备,主板,20200601
3885,605299.SH,605299,舒华体育,福建,文教休闲,主板,20201215
3886,605318.SH,605318,法狮龙,浙江,装修装饰,主板,20200803
3887,605333.SH,605333,沪光股份,江苏,汽车配件,主板,20200818
3888,605336.SH,605336,帅丰电器,浙江,家用电器,主板,20201019
3889,605338.SH,605338,巴比食品,上海,食品,主板,20201012
3890,605358.SH,605358,立昂微,浙江,半导体,主板,20200911
3891,605366.SH,605366,宏柏新材,江西,化工原料,主板,20200812
3892,605369.SH,605369,拱东医疗,浙江,医疗保健,主板,20200916
3893,605376.SH,605376,博迁新材,江苏,小金属,主板,20201208
3894,605388.SH,605388,均瑶健康,湖北,软饮料,主板,20200818
3895,605399.SH,605399,晨光新材,江西,化工原料,主板,20200804
3896,688001.SH,688001,华兴源创,江苏,专用机械,科创板,20190722
3897,688002.SH,688002,睿创微纳,山东,通信设备,科创板,20190722
3898,688003.SH,688003,天准科技,江苏,专用机械,科创板,20190722
3899,688004.SH,688004,博汇科技,北京,软件服务,科创板,20200612
3900,688005.SH,688005,容百科技,浙江,电气设备,科创板,20190722
3901,688006.SH,688006,杭可科技,浙江,电气设备,科创板,20190722
3902,688007.SH,688007,光峰科技,深圳,元器件,科创板,20190722
3903,688008.SH,688008,澜起科技,上海,半导体,科创板,20190722
3904,688009.SH,688009,中国通号,北京,运输设备,科创板,20190722
3905,688010.SH,688010,福光股份,福建,电器仪表,科创板,20190722
3906,688011.SH,688011,新光光电,黑龙江,元器件,科创板,20190722
3907,688012.SH,688012,中微公司,上海,专用机械,科创板,20190722
3908,688013.SH,688013,天臣医疗,江苏,医疗保健,科创板,20200928
3909,688015.SH,688015,交控科技,北京,运输设备,科创板,20190722
3910,688016.SH,688016,心脉医疗,上海,医疗保健,科创板,20190722
3911,688017.SH,688017,绿的谐波,江苏,机械基件,科创板,20200828
3912,688018.SH,688018,乐鑫科技,上海,半导体,科创板,20190722
3913,688019.SH,688019,安集科技,上海,半导体,科创板,20190722
3914,688020.SH,688020,方邦股份,广东,元器件,科创板,20190722
3915,688021.SH,688021,奥福环保,山东,环境保护,科创板,20191106
3916,688022.SH,688022,瀚川智能,江苏,专用机械,科创板,20190722
3917,688023.SH,688023,安恒信息,浙江,软件服务,科创板,20191105
3918,688025.SH,688025,杰普特,深圳,元器件,科创板,20191031
3919,688026.SH,688026,洁特生物,广东,塑料,科创板,20200122
3920,688027.SH,688027,国盾量子,安徽,通信设备,科创板,20200709
3921,688028.SH,688028,沃尔德,北京,专用机械,科创板,20190722
3922,688029.SH,688029,南微医学,江苏,医疗保健,科创板,20190722
3923,688030.SH,688030,山石网科,江苏,软件服务,科创板,20190930
3924,688033.SH,688033,天宜上佳,北京,运输设备,科创板,20190722
3925,688036.SH,688036,传音控股,深圳,通信设备,科创板,20190930
3926,688037.SH,688037,芯源微,辽宁,半导体,科创板,20191216
3927,688039.SH,688039,当虹科技,浙江,软件服务,科创板,20191211
3928,688050.SH,688050,爱博医疗,北京,医疗保健,科创板,20200729
3929,688051.SH,688051,佳华科技,北京,软件服务,科创板,20200320
3930,688055.SH,688055,龙腾光电,江苏,元器件,科创板,20200817
3931,688056.SH,688056,莱伯泰科,北京,电器仪表,科创板,20200902
3932,688057.SH,688057,金达莱,江西,环境保护,科创板,20201111
3933,688058.SH,688058,宝兰德,北京,软件服务,科创板,20191101
3934,688060.SH,688060,云涌科技,江苏,软件服务,科创板,20200710
3935,688065.SH,688065,凯赛生物,上海,化纤,科创板,20200812
3936,688066.SH,688066,航天宏图,北京,软件服务,科创板,20190722
3937,688068.SH,688068,热景生物,北京,医疗保健,科创板,20190930
3938,688069.SH,688069,德林海,江苏,环境保护,科创板,20200722
3939,688077.SH,688077,大地熊,安徽,元器件,科创板,20200722
3940,688078.SH,688078,龙软科技,北京,软件服务,科创板,20191230
3941,688080.SH,688080,映翰通,北京,通信设备,科创板,20200212
3942,688081.SH,688081,兴图新科,湖北,软件服务,科创板,20200106
3943,688085.SH,688085,三友医疗,上海,医疗保健,科创板,20200409
3944,688086.SH,688086,紫晶存储,广东,IT设备,科创板,20200226
3945,688088.SH,688088,虹软科技,浙江,软件服务,科创板,20190722
3946,688089.SH,688089,嘉必优,湖北,食品,科创板,20191219
3947,688090.SH,688090,瑞松科技,广东,专用机械,科创板,20200217
3948,688093.SH,688093,世华科技,江苏,化工原料,科创板,20200930
3949,688095.SH,688095,福昕软件,福建,软件服务,科创板,20200908
3950,688096.SH,688096,京源环保,江苏,环境保护,科创板,20200409
3951,688098.SH,688098,申联生物,上海,生物制药,科创板,20191028
3952,688099.SH,688099,晶晨股份,上海,半导体,科创板,20190808
3953,688100.SH,688100,威胜信息,湖南,通信设备,科创板,20200121
3954,688101.SH,688101,三达膜,陕西,环境保护,科创板,20191115
3955,688106.SH,688106,金宏气体,江苏,化工原料,科创板,20200616
3956,688108.SH,688108,赛诺医疗,天津,医疗保健,科创板,20191030
3957,688111.SH,688111,金山办公,北京,软件服务,科创板,20191118
3958,688116.SH,688116,天奈科技,江苏,化工原料,科创板,20190925
3959,688118.SH,688118,普元信息,上海,软件服务,科创板,20191204
3960,688122.SH,688122,西部超导,陕西,小金属,科创板,20190722
3961,688123.SH,688123,聚辰股份,上海,半导体,科创板,20191223
3962,688126.SH,688126,沪硅产业-U,上海,半导体,科创板,20200420
3963,688127.SH,688127,蓝特光学,浙江,元器件,科创板,20200921
3964,688128.SH,688128,中国电研,广东,专用机械,科创板,20191105
3965,688129.SH,688129,东来技术,上海,染料涂料,科创板,20201023
3966,688133.SH,688133,泰坦科技,上海,化工原料,科创板,20201030
3967,688135.SH,688135,利扬芯片,广东,半导体,科创板,20201111
3968,688136.SH,688136,科兴制药,山东,生物制药,科创板,20201214
3969,688138.SH,688138,清溢光电,深圳,元器件,科创板,20191120
3970,688139.SH,688139,海尔生物,山东,医疗保健,科创板,20191025
3971,688155.SH,688155,先惠技术,上海,专用机械,科创板,20200811
3972,688156.SH,688156,路德环境,湖北,环境保护,科创板,20200922
3973,688157.SH,688157,松井股份,湖南,染料涂料,科创板,20200609
3974,688158.SH,688158,优刻得-W,上海,互联网,科创板,20200120
3975,688159.SH,688159,有方科技,深圳,通信设备,科创板,20200123
3976,688160.SH,688160,步科股份,上海,电器仪表,科创板,20201112
3977,688165.SH,688165,埃夫特-U,安徽,专用机械,科创板,20200715
3978,688166.SH,688166,博瑞医药,江苏,化学制药,科创板,20191108
3979,688168.SH,688168,安博通,北京,软件服务,科创板,20190906
3980,688169.SH,688169,石头科技,北京,家用电器,科创板,20200221
3981,688177.SH,688177,百奥泰-U,广东,生物制药,科创板,20200221
3982,688178.SH,688178,万德斯,江苏,环境保护,科创板,20200114
3983,688179.SH,688179,阿拉丁,上海,化学制药,科创板,20201026
3984,688180.SH,688180,君实生物-U,上海,生物制药,科创板,20200715
3985,688181.SH,688181,八亿时空,北京,半导体,科创板,20200106
3986,688185.SH,688185,康希诺-U,天津,生物制药,科创板,20200813
3987,688186.SH,688186,广大特材,江苏,特种钢,科创板,20200211
3988,688188.SH,688188,柏楚电子,上海,软件服务,科创板,20190808
3989,688189.SH,688189,南新制药,湖南,化学制药,科创板,20200326
3990,688196.SH,688196,卓越新能,福建,环境保护,科创板,20191121
3991,688198.SH,688198,佰仁医疗,北京,医疗保健,科创板,20191209
3992,688199.SH,688199,久日新材,天津,化工原料,科创板,20191105
3993,688200.SH,688200,华峰测控,北京,专用机械,科创板,20200218
3994,688202.SH,688202,美迪西,上海,医疗保健,科创板,20191105
3995,688208.SH,688208,道通科技,深圳,汽车配件,科创板,20200213
3996,688215.SH,688215,瑞晟智能,浙江,专用机械,科创板,20200828
3997,688218.SH,688218,江苏北人,江苏,专用机械,科创板,20191211
3998,688219.SH,688219,会通股份,安徽,塑料,科创板,20201118
3999,688221.SH,688221,前沿生物-U,江苏,生物制药,科创板,20201028
4000,688222.SH,688222,成都先导,四川,化学制药,科创板,20200416
4001,688228.SH,688228,开普云,广东,互联网,科创板,20200327
4002,688229.SH,688229,博睿数据,北京,软件服务,科创板,20200817
4003,688233.SH,688233,神工股份,辽宁,化工原料,科创板,20200221
4004,688256.SH,688256,寒武纪-U,北京,元器件,科创板,20200720
4005,688258.SH,688258,卓易信息,江苏,软件服务,科创板,20191209
4006,688266.SH,688266,泽璟制药-U,江苏,化学制药,科创板,20200123
4007,688268.SH,688268,华特气体,广东,化工原料,科创板,20191226
4008,688277.SH,688277,天智航-U,北京,医疗保健,科创板,20200707
4009,688278.SH,688278,特宝生物,福建,生物制药,科创板,20200117
4010,688286.SH,688286,敏芯股份,江苏,元器件,科创板,20200810
4011,688288.SH,688288,鸿泉物联,浙江,汽车配件,科创板,20191106
4012,688289.SH,688289,圣湘生物,湖南,医疗保健,科创板,20200828
4013,688298.SH,688298,东方生物,浙江,医疗保健,科创板,20200205
4014,688299.SH,688299,长阳科技,浙江,塑料,科创板,20191106
4015,688300.SH,688300,联瑞新材,江苏,矿物制品,科创板,20191115
4016,688301.SH,688301,奕瑞科技,上海,专用机械,科创板,20200918
4017,688308.SH,688308,欧科亿,湖南,机械基件,科创板,20201210
4018,688309.SH,688309,恒誉环保,山东,环境保护,科创板,20200714
4019,688310.SH,688310,迈得医疗,浙江,医疗保健,科创板,20191203
4020,688311.SH,688311,盟升电子,四川,元器件,科创板,20200731
4021,688312.SH,688312,燕麦科技,深圳,专用机械,科创板,20200608
4022,688313.SH,688313,仕佳光子-U,河南,通信设备,科创板,20200812
4023,688318.SH,688318,财富趋势,深圳,软件服务,科创板,20200427
4024,688321.SH,688321,微芯生物,深圳,化学制药,科创板,20190812
4025,688330.SH,688330,宏力达,上海,电气设备,科创板,20201015
4026,688333.SH,688333,铂力特,陕西,机械基件,科创板,20190722
4027,688335.SH,688335,复洁环保,上海,环境保护,科创板,20200817
4028,688336.SH,688336,三生国健,上海,生物制药,科创板,20200722
4029,688338.SH,688338,赛科希德,北京,医疗保健,科创板,20200806
4030,688339.SH,688339,亿华通-U,北京,汽车配件,科创板,20200810
4031,688356.SH,688356,键凯科技,北京,化学制药,科创板,20200826
4032,688357.SH,688357,建龙微纳,河南,化工原料,科创板,20191204
4033,688358.SH,688358,祥生医疗,江苏,医疗保健,科创板,20191203
4034,688360.SH,688360,德马科技,浙江,机械基件,科创板,20200602
4035,688363.SH,688363,华熙生物,山东,生物制药,科创板,20191106
4036,688365.SH,688365,光云科技,浙江,软件服务,科创板,20200429
4037,688366.SH,688366,昊海生科,上海,生物制药,科创板,20191030
4038,688368.SH,688368,晶丰明源,上海,半导体,科创板,20191014
4039,688369.SH,688369,致远互联,北京,软件服务,科创板,20191031
4040,688377.SH,688377,迪威尔,江苏,专用机械,科创板,20200708
4041,688378.SH,688378,奥来德,吉林,专用机械,科创板,20200903
4042,688379.SH,688379,华光新材,浙江,小金属,科创板,20200819
4043,688386.SH,688386,泛亚微透,江苏,化工原料,科创板,20201016
4044,688388.SH,688388,嘉元科技,广东,铜,科创板,20190722
4045,688389.SH,688389,普门科技,深圳,医疗保健,科创板,20191105
4046,688390.SH,688390,固德威,江苏,电气设备,科创板,20200904
4047,688393.SH,688393,安必平,广东,医疗保健,科创板,20200820
4048,688396.SH,688396,华润微,江苏,半导体,科创板,20200227
4049,688398.SH,688398,赛特新材,福建,矿物制品,科创板,20200211
4050,688399.SH,688399,硕世生物,江苏,医疗保健,科创板,20191205
4051,688408.SH,688408,中信博,江苏,电气设备,科创板,20200828
4052,688418.SH,688418,震有科技,深圳,通信设备,科创板,20200722
4053,688466.SH,688466,金科环境,北京,环境保护,科创板,20200508
4054,688488.SH,688488,艾迪药业,江苏,生物制药,科创板,20200720
4055,688500.SH,688500,慧辰资讯,北京,互联网,科创板,20200716
4056,688505.SH,688505,复旦张江,上海,化学制药,科创板,20200619
4057,688508.SH,688508,芯朋微,江苏,半导体,科创板,20200722
4058,688510.SH,688510,航亚科技,江苏,航空,科创板,20201216
4059,688513.SH,688513,苑东生物,四川,化学制药,科创板,20200902
4060,688516.SH,688516,奥特维,江苏,专用机械,科创板,20200521
4061,688518.SH,688518,联赢激光,深圳,专用机械,科创板,20200622
4062,688519.SH,688519,南亚新材,上海,元器件,科创板,20200818
4063,688520.SH,688520,神州细胞-U,北京,生物制药,科创板,20200622
4064,688521.SH,688521,芯原股份-U,上海,半导体,科创板,20200818
4065,688526.SH,688526,科前生物,湖北,农业综合,科创板,20200922
4066,688528.SH,688528,秦川物联,四川,电器仪表,科创板,20200701
4067,688529.SH,688529,豪森股份,辽宁,汽车配件,科创板,20201109
4068,688536.SH,688536,思瑞浦,江苏,半导体,科创板,20200921
4069,688550.SH,688550,瑞联新材,陕西,化工原料,科创板,20200902
4070,688551.SH,688551,科威尔,安徽,专用机械,科创板,20200910
4071,688555.SH,688555,泽达易盛,天津,软件服务,科创板,20200623
4072,688556.SH,688556,高测股份,山东,专用机械,科创板,20200807
4073,688557.SH,688557,兰剑智能,山东,专用机械,科创板,20201202
4074,688558.SH,688558,国盛智科,江苏,机床制造,科创板,20200630
4075,688559.SH,688559,海目星,深圳,专用机械,科创板,20200909
4076,688561.SH,688561,奇安信-U,北京,软件服务,科创板,20200722
4077,688566.SH,688566,吉贝尔,江苏,化学制药,科创板,20200518
4078,688567.SH,688567,孚能科技,江西,电气设备,科创板,20200717
4079,688568.SH,688568,中科星图,北京,软件服务,科创板,20200708
4080,688569.SH,688569,铁科轨道,北京,运输设备,科创板,20200831
4081,688571.SH,688571,杭华股份,浙江,染料涂料,科创板,20201211
4082,688577.SH,688577,浙海德曼,浙江,机床制造,科创板,20200916
4083,688578.SH,688578,艾力斯-U,上海,化学制药,科创板,20201202
4084,688579.SH,688579,山大地纬,山东,软件服务,科创板,20200717
4085,688580.SH,688580,伟思医疗,江苏,医疗保健,科创板,20200721
4086,688585.SH,688585,上纬新材,上海,化工原料,科创板,20200928
4087,688586.SH,688586,江航装备,安徽,航空,科创板,20200731
4088,688588.SH,688588,凌志软件,江苏,软件服务,科创板,20200511
4089,688589.SH,688589,力合微,深圳,半导体,科创板,20200722
4090,688590.SH,688590,新致软件,上海,软件服务,科创板,20201207
4091,688595.SH,688595,芯海科技,深圳,半导体,科创板,20200928
4092,688596.SH,688596,正帆科技,上海,专用机械,科创板,20200820
4093,688598.SH,688598,金博股份,湖南,矿物制品,科创板,20200518
4094,688599.SH,688599,天合光能,江苏,电气设备,科创板,20200610
4095,688600.SH,688600,皖仪科技,安徽,电器仪表,科创板,20200703
4096,688608.SH,688608,恒玄科技,上海,半导体,科创板,20201216
4097,688668.SH,688668,鼎通科技,广东,元器件,科创板,20201221
4098,688699.SH,688699,N明微,深圳,半导体,科创板,20201218
4099,688777.SH,688777,中控技术,浙江,软件服务,科创板,20201124
4100,688788.SH,688788,科思科技,深圳,通信设备,科创板,20201022
4101,688981.SH,688981,中芯国际-U,上海,半导体,科创板,20200716
4102,689009.SH,689009,九号公司-UWD,北京,专用机械,CDR,20201029
