Unnamed: 0,Unnamed: 0.1,open,high,low,adjclose,amount,volume,str07,pct_index_300,pct_vol_300,high_1,true_high_1,buy_profit,sell_profit
59,2005-04-07,11.79,12.03,11.73,11.85,12026244.0,1008420,1178,1.136947188957138,45.31298300197144,12.5517845,11.95,0.6017845153808601,0.6615345153808594
66,2005-04-18,10.72,10.87,10.72,10.75,2232273.0,206750,1080,-1.0584346254927768,-17.394205278051444,11.099903,10.93,0.1699031066894534,0.22455310668945394
68,2005-04-20,10.89,10.98,10.41,10.6,6215925.0,583540,1090,-1.5550424996635168,-3.928501144570884,10.8460245,10.72,0.12602451324462827,0.1796245132446277
78,2005-05-11,11.05,11.1,10.8,10.82,2139220.0,195650,1105,-1.2299031848249875,-13.838747796310216,11.151995,10.88,0.27199470520019453,0.32639470520019387
79,2005-05-12,10.8,10.88,10.55,10.6,4037617.0,379405,1082,-1.7774574485779238,13.123941956948464,10.910155,10.79,0.12015529632568445,0.17410529632568483
80,2005-05-13,10.6,10.79,10.4,10.78,4095306.0,387403,1060,0.19417037321352024,9.934635027647644,11.19148,10.75,0.4414796829223633,0.49522968292236413
81,2005-05-16,10.69,10.75,9.95,10.3,6194896.0,601500,1078,-1.3824729026297389,-26.86210093708209,10.561282,10.39,0.17128215789794865,0.22323215789794837
84,2005-05-19,10.25,10.25,10.05,10.11,2221592.0,218815,1006,0.1098278985507184,3.4393503422557985,10.613249,10.25,0.3632488250732422,0.41449882507324176
93,2005-06-01,9.3,9.3,8.6,8.69,4507116.0,509460,930,-2.151994859512829,12.124045148138695,8.904755,8.69,0.2147546386718755,0.2582046386718755
99,2005-06-09,9.18,9.33,9.0,9.19,27068186.0,2955151,918,0.7540545613124783,0.7110798129284612,9.16107,9.2,-0.0389301300048821,0.007069869995117273
100,2005-06-10,9.2,9.2,8.85,9.0,10554537.0,1170657,919,-1.976769669077372,-32.43736014657001,8.795366,9.0,-0.2046337127685547,-0.15963371276855476
107,2005-06-21,9.25,9.33,9.08,9.2,11800756.0,1285039,927,-1.1133670249155905,-32.736263459688104,9.187582,9.31,-0.12241798400878956,-0.07586798400878969
123,2005-07-13,8.15,8.18,7.63,7.63,40654708.0,5284916,848,-0.656241929046042,-37.29870906151954,7.631421,7.67,-0.03857891082763665,-0.00022891082763631942
124,2005-07-14,7.4,7.67,7.35,7.53,12012804.0,1596663,763,0.3970551741252493,-0.3923249268367289,7.6360807,7.599999999999999,0.03608074188232546,0.07408074188232572
128,2005-07-20,6.9,7.03,6.9,6.98,5086819.0,728307,692,0.8413015641268062,8.041950288507692,7.6116457,7.09,0.5216456985473634,0.5570956985473634
132,2005-07-26,7.06,7.28,6.98,7.23,11916135.0,1653985,706,2.289755619354384,84.72096369700981,7.5876846,7.46,0.12768463134765629,0.1649846313476564
148,2005-08-17,8.05,8.48,7.93,8.47,23600750.0,2863895,805,0.8412164307028069,-10.074878203952364,9.053064,8.53,0.5230643463134772,0.5657143463134773
152,2005-08-23,8.02,8.05,7.83,7.87,8128979.0,1026936,802,-0.8865800122360934,-3.895706128042221,8.224004,8.05,0.17400379180908132,0.21425379180908166
168,2005-09-14,9.9,10.08,9.69,10.0,23747952.0,2418989,990,0.6661340361289625,20.37983211726821,10.546701,10.14,0.4067014312744135,0.45740143127441435
171,2005-09-19,9.65,10.13,9.65,9.99,29881184.0,2995798,966,0.3772648812907509,5.428674034611559,10.603604,10.23,0.37360431671142535,0.42475431671142516
172,2005-09-20,10.06,10.23,9.83,10.08,28630160.0,2852710,999,-0.9493996746092304,26.45770247046617,10.682429,10.15,0.5324293136596676,0.5831793136596684
174,2005-09-22,9.9,10.6,9.9,10.19,43484048.0,4233628,993,-2.238434578202264,-2.299500671317578,10.678948,10.38,0.2989484024047844,0.3508484024047842
176,2005-09-26,9.83,10.0,9.4,9.99,10736188.0,1101521,983,0.25432516509305003,-23.480142224694692,10.349716,10.28,0.06971618652343814,0.12111618652343736
177,2005-09-27,10.0,10.28,9.9,9.99,19694396.0,1946499,999,-1.5536538629039254,25.4612369061954,10.488758,10.15,0.33875808715820277,0.3895080871582035
188,2005-10-19,10.9,10.98,10.33,10.37,22190168.0,2087894,1099,-0.4022740117690105,-2.932075793071387,11.026342,10.26,0.7663423919677737,0.8176423919677731
193,2005-10-26,10.0,10.0,9.15,9.32,23036988.0,2423286,999,-2.06313529470964,8.505189460360874,9.74032,9.78,-0.0396797943115228,0.009220205688476923
200,2005-11-04,9.4,9.41,9.05,9.24,9225428.0,1006623,940,0.43220745958059137,-21.44538114300288,9.50191,9.19,0.3119102096557622,0.3578602096557617
209,2005-11-17,9.26,9.6,9.26,9.47,16667201.0,1756974,918,-0.05329502270832176,-2.8071603153581264,9.86378,9.98,-0.11621997833251996,-0.06631997833252079
219,2005-12-01,9.8,10.16,9.45,10.15,20816580.0,2116285,990,-0.08697343876955532,-12.08226310598145,10.558835,10.25,0.3088350296020508,0.36008502960205035
221,2005-12-05,10.24,10.51,10.12,10.15,12913832.0,1246305,1022,-1.1874382141297102,21.13603123873944,10.67636,10.67,0.006360130310058665,0.05971013031005867
223,2005-12-07,10.67,10.85,10.52,10.75,16098466.0,1499373,1067,0.8959911324588843,-4.469922054739972,11.258389,11.0,0.2583894729614258,0.3133894729614255
225,2005-12-09,10.91,11.05,10.71,10.91,16500483.0,1518019,1081,1.5216346703887718,23.981972036147557,11.536025,11.38,0.1560250473022453,0.21292504730224593
232,2005-12-20,11.4,11.64,11.25,11.63,14206514.0,1237013,1145,0.488420772834508,3.606282644108094,12.319679,11.55,0.7696792602539055,0.827429260253906
235,2005-12-23,11.1,11.35,11.07,11.13,15133196.0,1353436,1109,0.7856946354882988,33.08332099217337,11.704408,11.57,0.13440769195556612,0.1922576919555663
237,2005-12-27,11.58,11.8,11.41,11.72,7857483.0,675074,1156,-0.32741386413408513,-21.45842611663735,12.057281,12.0,0.057280540466308594,0.11728054046630909
244,2006-01-09,14.7,15.84,14.65,15.84,57908960.0,3787917,1440,0.5381276867725715,-19.668307536909012,16.455997,16.4,0.055997467041017046,0.13799746704101779
246,2006-01-11,16.0,16.55,15.7,16.15,54526396.0,3394263,1615,-0.4774318867249328,16.664990858709515,16.983221,16.2,0.7832210540771491,0.8642210540771487
253,2006-01-20,16.4,17.5,16.4,17.2,77830664.0,4575244,1630,0.21387784750106492,-1.1662819782375822,17.828384,18.88,-1.0516156005859365,-0.9572156005859362
255,2006-01-24,18.01,18.95,17.8,18.46,60709392.0,3318213,1853,0.294129457115333,7.327111717594128,19.50653,18.74,0.7665307617187516,0.8602307617187499
263,2006-03-03,17.5,18.73,17.45,18.45,67006596.0,3713043,1760,0.2897936784541866,-14.781503924312467,19.270285,18.56,0.7102846527099622,0.8030846527099627
264,2006-03-06,18.3,18.56,18.05,18.09,24704388.0,1350704,1845,-0.26975654711621777,-15.705147873834713,19.067984,17.9,1.1679836273193374,1.2574836273193384
285,2006-04-25,23.44,25.5,22.6,23.9,102991648.0,4294038,2387,-0.06738426533647868,-15.946227529087665,24.922548,25.3,-0.3774517059326179,-0.25095170593261784
295,2006-05-16,43.87,47.97,39.48,39.48,255598384.0,6233074,4387,-1.5552893148739757,8.328344144997946,43.08166,42.5,0.5816612243652344,0.794161224365233
310,2006-06-06,33.38,33.38,31.85,32.39,37500020.0,1155397,3394,-0.2864961943042865,-15.002301466672087,33.022602,31.0,2.022602081298828,2.1776020812988293
316,2006-06-14,23.39,23.9,23.38,23.41,141862384.0,6057715,2598,-1.1091598114428172,3.517337848633395,23.536222,24.96,-1.4237775421142587,-1.2989775421142582
320,2006-06-20,24.0,25.5,23.88,25.44,97220088.0,3929838,2440,0.2494587569013218,-9.533214229991817,25.097324,27.98,-2.88267562866211,-2.742775628662109
325,2006-06-27,27.0,27.85,27.0,27.79,51292224.0,1869852,2687,0.03593929925700401,-10.613577817482957,27.685228,27.6,0.08522834777831889,0.22322834777832057
338,2006-07-14,32.0,33.8,32.0,33.09,90951856.0,2760881,3189,0.8201531844081789,-33.30884997230894,34.084843,34.5,-0.4151573181152344,-0.24265731811523494
340,2006-07-18,30.6,31.58,30.25,31.34,100290872.0,3229881,3348,0.0852614319548195,-6.1184640614682095,31.56498,29.79,1.774979553222657,1.9239295532226564
343,2006-07-21,26.5,27.59,25.8,27.2,68307000.0,2584559,2762,0.8058341200871233,10.53095719650845,27.329878,26.49,0.8398778533935563,0.9723278533935549
353,2006-08-04,23.5,23.8,21.44,21.49,78630808.0,3536332,2382,-2.3456052337741946,24.057505471399693,21.574837,22.09,-0.5151632690429686,-0.40471326904296845
356,2006-08-09,22.59,22.65,22.0,22.6,41289908.0,1837029,2286,-0.0870335917725451,-9.761123150860662,23.128965,24.3,-1.1710346221923835,-1.0495346221923825
365,2006-08-24,27.04,27.99,27.04,27.95,31976436.0,1156588,2743,0.5226806048161281,-21.0108168623112,28.238916,28.01,0.228916397094725,0.3689663970947237
369,2006-08-30,27.5,27.88,27.2,27.5,26908480.0,980739,2795,0.3390569555542289,-33.45180765977208,28.474876,28.19,0.28487640380859247,0.4258264038085926
371,2006-09-01,28.2,28.37,27.51,27.85,44586420.0,1591283,2771,-1.5380708005587662,7.958393108516827,28.776611,28.28,0.49661132812499886,0.6380113281249997
376,2006-09-08,29.0,29.49,28.68,29.26,52312756.0,1799476,3034,0.28380433309744824,-21.274241426738527,29.850012,28.55,1.3000118255615227,1.4427618255615222
383,2006-09-19,26.6,26.7,25.88,26.11,63038312.0,2407485,2625,0.19991857861525464,-15.280790870699091,26.811598,25.78,1.0315978240966786,1.1604978240966801
387,2006-09-25,25.43,25.65,25.1,25.53,32368560.0,1274396,2543,-0.1782012583190773,-13.020543185465634,25.816095,25.85,-0.03390464782714986,0.09534535217284912
398,2006-10-18,25.56,25.68,25.18,25.58,35532936.0,1397613,2588,1.6359715790589924,0.2720603682162981,26.671732,25.5,1.171731948852539,1.2992319488525403
401,2006-10-23,25.42,25.48,25.01,25.22,22223236.0,883094,2574,-2.185143523726208,8.999326547300601,25.264578,24.95,0.31457786560058665,0.43932786560058545
402,2006-10-24,24.9,24.95,24.61,24.8,35126360.0,1418479,2522,2.2247304271283634,-9.5349535517275,25.377491,25.1,0.2774909973144517,0.40299099731445054
410,2006-11-03,25.0,25.4,24.6,24.94,44063472.0,1758674,2447,0.5832420961572105,-7.0825746765592275,25.784292,26.18,-0.3957077789306638,-0.2648077789306633
411,2006-11-06,24.92,26.18,24.62,25.85,73268384.0,2848353,2494,1.3169476378931622,6.759832304290558,26.376305,25.78,0.5963046264648426,0.7252046264648442
419,2006-11-16,23.88,24.39,23.78,24.12,34946444.0,1453373,2399,-0.09578044775730987,42.306143582571295,24.669659,23.8,0.8696586608886712,0.9886586608886709
426,2006-11-27,26.45,29.0,26.45,29.0,119635160.0,4236109,2636,0.9299881460118176,-4.917970065072296,29.871937,29.980000000000004,-0.10806320190430085,0.04183679809569796
430,2006-12-01,33.79,35.04,33.01,34.64,255764256.0,7399454,3185,0.8667957721832042,-2.9933977112561627,36.140476,35.79,0.3504762268066415,0.5294262268066419
432,2006-12-05,35.4,35.8,34.41,35.21,86087568.0,2447897,3576,0.7575502319260519,-5.923981959767168,36.424294,34.54,1.884293518066407,2.056993518066406
436,2006-12-11,29.66,30.77,29.23,30.68,86455848.0,2903016,3026,4.577057455684241,-22.520794776206245,32.22104,31.210000000000004,1.0110388183593706,1.167088818359371
442,2006-12-19,32.76,32.98,31.28,31.87,63756384.0,1996877,3276,0.2781677461106247,9.52603033073698,32.111053,33.14,-1.0289465332031256,-0.8632465332031245
445,2006-12-22,30.85,30.85,30.06,30.35,44359140.0,1459951,3129,-0.69880250185963,-23.237235186275296,30.608438,31.18,-0.5715615081787107,-0.4156615081787116
446,2006-12-25,30.12,31.18,30.12,30.56,31240360.0,1017008,3035,2.292629402207158,21.676686999347037,31.367804,30.900000000000002,0.4678035736083963,0.622303573608395
448,2006-12-27,30.45,31.7,30.12,31.5,63603116.0,2060751,3033,2.3031203566121983,-1.6882221884758186,32.295662,31.849999999999998,0.4456619262695334,0.6049119262695335
450,2006-12-29,31.1,31.91,31.01,31.58,81142104.0,2579634,3011,3.086977822448268,16.8675976772936,32.603508,30.98,1.6235079956054683,1.7784079956054697
451,2007-01-04,30.5,30.98,30.16,30.58,124538232.0,4099022,3158,1.2758139193062457,44.50493363431569,30.967976,29.95,1.0179756164550788,1.1677256164550798
462,2007-01-19,34.45,36.49,33.98,35.86,156119328.0,4398105,3481,3.409448920844671,5.957405017451923,37.152397,39.3,-2.1476028442382784,-1.951102844238278
466,2007-01-25,40.8,40.88,38.8,38.87,145050080.0,3598773,4042,-3.295971108999652,-4.001419006916162,39.812534,41.7,-1.8874656677246122,-1.6789656677246114
473,2007-02-06,43.0,43.25,39.65,42.53,104061808.0,2449902,4400,1.9473545206444065,40.81563341436721,43.68373,46.78,-3.0962689208984386,-2.86236892089844
481,2007-02-16,48.62,49.6,47.0,47.35,75233672.0,1575721,4845,0.3039012527026763,5.9714876991881605,48.938183,51.2,-2.261817169189456,-2.0058171691894557
485,2007-03-01,48.0,49.0,45.52,47.12,48067568.0,1023979,4919,-2.7914343091367204,-0.8004050007092922,47.907566,47.18,0.7275660705566409,0.9634660705566418
489,2007-03-07,42.15,44.19,42.15,43.78,51809524.0,1201514,4196,2.7437318721258204,13.4664096600863,44.860233,45.99,-1.1297666931152364,-0.899816693115234
496,2007-03-19,41.48,44.0,39.0,43.58,55545692.0,1295215,4200,2.118860469313377,-1.7897927636185806,43.733875,44.55,-0.816124725341794,-0.5933747253417962
500,2007-03-23,43.21,43.67,41.4,42.02,82550304.0,1957370,4370,0.18256790050601435,-11.278804741062677,42.624416,42.8,-0.17558364868163778,0.03841635131836085
501,2007-03-26,41.5,42.8,41.38,42.73,53896900.0,1286273,4202,1.75829354224728,2.92625875401773,43.135147,44.18,-1.0448529052734372,-0.8239529052734369
503,2007-03-28,43.4,43.98,41.2,42.55,59750920.0,1409491,4326,0.4895798162369625,39.00253139273475,43.482773,43.0,0.4827728271484375,0.6977728271484409
504,2007-03-29,42.55,43.0,41.5,41.7,58352396.0,1397345,4255,-0.5129304952370739,-5.028725165865389,42.669796,42.0,0.6697959899902344,0.8797959899902352
505,2007-03-30,41.4,42.0,41.22,41.98,39368000.0,943237,4170,-0.05461143247224021,-40.928650689730254,42.568184,43.2,-0.6318161010742216,-0.4158161010742205
509,2007-04-05,46.75,47.38,45.28,45.95,99438512.0,2142902,4580,1.1408672239355375,-1.811319738187856,47.664352,46.75,0.9143524169921875,1.148102416992188
512,2007-04-10,47.85,50.2,47.08,50.05,98041776.0,2012786,4772,1.4284914932344073,10.986193273272484,51.061512,55.0,-3.938488006591797,-3.6634880065917983
515,2007-04-13,52.5,52.5,48.5,51.7,122716544.0,2429116,5240,-0.2269836672501357,8.772803460945111,52.288715,52.6,-0.3112846374511733,-0.04828463745117517
519,2007-04-19,57.71,57.71,51.51,53.89,160671792.0,2945342,5249,-4.666364049024052,13.648576799402544,55.58501,55.79,-0.20498947143554602,0.07396052856445579
521,2007-04-23,56.8,60.09,55.23,59.59,114684400.0,1954500,5559,4.318270259752888,16.39583304598422,62.1492,59.57,2.5792004394531247,2.8770504394531216
528,2007-05-09,54.3,54.79,53.0,54.03,59860388.0,1111995,5488,0.4137242507521677,31.707114941677556,55.373726,55.0,0.37372589111328125,0.6487258911132798
534,2007-05-17,50.37,52.5,49.31,51.33,65894200.0,1288380,5095,2.116320612708722,4.670351602660006,52.552124,51.33,1.2221240234375017,1.4787740234375022
535,2007-05-18,50.6,51.33,50.01,50.34,105786952.0,2083265,5133,-0.052135711639222926,-8.683675868672825,51.414604,50.75,0.6646041870117188,0.9183541870117224
551,2007-06-11,69.99,71.98,66.03,68.5,192826320.0,2797799,6599,2.449014687834672,2.141499326486973,72.32887,73.5,-1.1711273193359375,-0.8036273193359307
555,2007-06-15,70.25,78.1,69.0,77.98,215950128.0,2889220,7140,0.5780431913087414,-20.586247323898,79.25025,82.98,-3.7297482299804727,-3.31484822998047
557,2007-06-19,79.9,79.94,76.45,77.87,120732280.0,1558453,7901,0.6015275915005613,-7.206364036207613,81.78029,77.0,4.7802886962890625,5.165288696289068
559,2007-06-21,73.0,75.87,70.81,75.83,131003344.0,1779273,7380,0.9543967673657728,-15.108321994119134,76.8391,76.0,0.8391036987304688,1.2191036987304642
572,2007-07-10,79.45,81.0,78.01,80.23,59539116.0,745300,8000,-1.1954047052050387,-4.00429137490198,82.18994,88.0,-5.81005859375,-5.370058593750002
575,2007-07-13,87.8,88.0,85.05,85.32,46057760.0,536400,8707,0.08383723001792465,-14.265684850277438,88.89426,86.26,2.63425659179687,3.0655565917968772
581,2007-07-23,86.8,92.3,86.8,92.02,196022368.0,2196053,8654,4.653715620814336,54.287057069097614,94.89602,93.15,1.746018981933588,2.211768981933588
584,2007-07-26,88.2,92.77,88.2,90.47,79700480.0,884514,9114,1.1216178744483551,1.3815911218973076,92.72567,90.5,2.2256698608398438,2.6781698608398443
599,2007-08-16,98.0,99.0,95.5,98.94,140925408.0,1454588,9904,-1.6006251628028267,0.20225969235672106,100.25797,97.4,2.8579727172851506,3.3449727172851453
604,2007-08-23,103.0,117.04,103.0,117.04,340033472.0,3001316,10640,1.6675607568952255,-8.073929210778086,117.928604,125.14,-7.211395874023438,-6.585695874023443
607,2007-08-28,119.0,134.19,118.0,134.19,272351424.0,2088788,12199,0.16440498555259087,-9.154703970233903,135.5987,133.9,1.6986938476562443,2.3681938476562436
608,2007-08-29,133.9,133.9,125.0,129.05,388839520.0,3023209,13419,-1.5223438954866777,-2.8472418075588646,132.09782,135.0,-2.9021759033203125,-2.227175903320301
610,2007-08-31,131.88,131.88,122.0,126.85,130579176.0,1050254,12900,1.0604381032696786,-0.7699028611191758,131.334,135.0,-3.6660003662109375,-2.991000366210926
611,2007-09-03,125.99,135.0,124.03,134.88,199469856.0,1526199,12685,2.3100696456924035,24.06217894282896,138.36331,147.0,-8.636688232421875,-7.901688232421861
612,2007-09-04,134.58,147.0,130.06,140.17,196287648.0,1419001,13488,-1.0857751279254924,-3.5417785617781634,143.39117,149.8,-6.408825683593761,-5.659825683593766
628,2007-09-26,183.63,192.01,183.0,186.51,246177728.0,1305424,18555,-1.7159765483204967,-13.579496904992983,189.8388,187.65,2.1888061523437443,3.127056152343755
630,2007-09-28,188.0,197.0,188.0,193.3,250782176.0,1296249,18671,2.821657952045653,43.7084615162225,196.7899,196.0,0.7899017333984375,1.7699017333984273
632,2007-10-09,181.9,183.0,171.0,180.44,309750080.0,1746979,18645,0.4031387865858661,-19.28708846147891,185.26733,181.0,4.267333984375,5.172333984375001
639,2007-10-18,178.88,179.0,161.8,163.02,210400736.0,1235894,17925,-3.5777078768981405,-0.5609562132564251,168.38837,171.1,-2.7116333007812443,-1.856133300781238
640,2007-10-19,163.6,171.1,163.5,170.11,193107136.0,1146645,16302,-0.030093932244124044,-20.84379397900593,175.8926,172.6,3.292593383789068,4.155593383789068
642,2007-10-23,168.0,171.0,164.0,166.0,187414912.0,1123525,16811,1.2317548257891886,16.809928676655158,172.12418,179.0,-6.875823974609375,-5.980823974609365
653,2007-11-07,173.58,184.5,171.0,182.94,234928416.0,1332481,17001,0.6220910005547697,11.100270553607094,185.89297,188.88,-2.9870251464843705,-2.0426251464843688
654,2007-11-08,180.0,188.88,177.0,183.96,238207872.0,1284971,18294,-4.802425134984102,19.937708051624693,182.03645,183.9,-1.8635467529296932,-0.9440467529296939
655,2007-11-09,182.8,183.9,169.01,170.51,138207728.0,795224,18396,-1.0434519707794077,-4.080075899823088,178.30972,168.8,9.509722900390614,10.353722900390608
658,2007-11-14,148.99,156.98,142.01,154.56,255585056.0,1727727,15043,4.183842048574293,-4.423345194393402,157.7728,162.0,-4.227203369140625,-3.4172033691406227
668,2007-11-28,144.5,145.0,138.0,138.85,71340456.0,502493,14647,-1.32451736837077,7.638915221258948,144.21295,145.0,-0.78704833984375,-0.062048339843755684
677,2007-12-12,147.11,147.11,143.1,145.0,69358304.0,479315,14711,-1.2180933852140028,-1.8681256163847968,148.02083,150.3,-2.279171752929699,-1.527671752929706
686,2007-12-25,153.6,160.0,153.55,157.07,211081920.0,1340082,15351,0.18589895009344384,-22.548230208497554,161.51039,160.0,1.5103912353515625,2.310391235351574
692,2008-01-04,198.99,210.76,198.0,210.76,496143776.0,2393543,19160,1.1364747151896948,-19.954030170338164,210.09749,211.77,-1.6725115966796977,-0.613661596679691
696,2008-01-10,222.0,224.99,216.1,217.0,273653856.0,1255088,22735,1.0401228410191976,37.25253474206567,218.89294,222.8,-3.9070556640625114,-2.793055664062507
698,2008-01-14,212.5,220.55,202.0,220.35,274855296.0,1283653,20859,0.5721905898248059,-11.254046164658126,219.30841,227.1,-7.791589355468744,-6.656089355468737
700,2008-01-16,217.0,219.0,210.0,216.47,196422336.0,915809,22223,-3.34822564930789,9.605397553713946,214.71712,215.88,-1.162882690429683,-0.08348269042969036
711,2008-01-31,205.0,206.0,198.01,199.82,114267648.0,567784,20730,-1.9158714827040901,-9.52050876835715,202.27528,200.0,2.2752838134765625,3.2752838134765625
714,2008-02-05,205.0,205.0,195.0,199.0,87244568.0,438445,20678,-0.5715012969382594,-19.917368983505426,198.17085,200.0,-1.8291473388671875,-0.8291473388671875
716,2008-02-14,193.97,198.0,191.51,193.54,60627352.0,313595,19542,1.3324114217371896,-7.626634414338572,198.28131,194.0,4.28131103515625,5.251311035156249
717,2008-02-15,193.0,194.0,186.88,189.0,102264560.0,540484,19354,-1.3716510424670814,22.30496553824621,190.5253,193.0,-2.474700927734375,-1.5097009277343716
722,2008-02-22,202.3,208.29,198.41,204.23,217076160.0,1060101,20200,-3.564170031767644,13.51653365911043,204.42554,214.2,-9.774462890624989,-8.70346289062499
723,2008-02-25,204.5,214.2,204.03,209.59,239174880.0,1139068,20423,-3.88027833543162,-11.252058256223252,210.18272,211.48,-1.2972760009765523,-0.23987600097655104
725,2008-02-27,203.0,205.0,196.23,201.96,117917480.0,587334,19585,2.7513935241267444,-11.070903424319766,209.44397,210.8,-1.3560302734375114,-0.3020302734375093
733,2008-03-10,208.88,215.0,200.0,200.86,82837688.0,407335,20986,-4.113213997477105,10.767892099754818,206.52574,200.4,6.125741577148432,7.127741577148441
737,2008-03-14,187.1,193.9,187.1,190.17,85042296.0,445683,18697,-0.9785756473031482,-31.99710826645851,197.17186,196.0,1.1718597412109375,2.1518597412109273
740,2008-03-19,184.0,195.0,178.0,190.94,147151936.0,787784,18760,3.318588185284077,9.775084984247506,194.85011,175.63,19.220112915039067,20.098262915039072
744,2008-03-25,154.57,158.0,144.04,152.82,133650752.0,880574,15678,1.2620913694002531,-10.034403909689404,157.15483,161.0,-3.8451690673828125,-3.0401690673828057
751,2008-04-03,115.5,121.0,110.68,119.98,126630224.0,1088499,11453,2.895168518424573,-22.86025702169514,121.03413,128.8,-7.76587371826173,-7.121873718261725
757,2008-04-14,131.0,131.08,123.15,128.5,114157408.0,896258,13491,-6.5385215118414886,26.96101842141945,127.90335,132.68,-4.776649169921882,-4.113249169921886
758,2008-04-15,129.99,132.68,124.2,132.0,69343224.0,539017,12850,1.3282131475286674,-8.287181583439951,135.39355,135.99,-0.5964453125000091,0.08350468749998186
760,2008-04-17,132.11,138.0,132.11,133.95,286224832.0,2107749,13132,-3.0735370719114363,11.318171057730432,137.69144,140.39,-2.6985632324218614,-1.9966132324218506
773,2008-05-09,141.7,143.6,134.0,138.73,512043616.0,3693626,13933,-1.1750198724089445,21.791205163430963,140.62228,145.0,-4.377716064453125,-3.6527160644531307
776,2008-05-14,135.0,140.5,134.5,139.31,495854560.0,3571484,13702,3.221702681160732,0.534166903532074,144.0764,147.0,-2.9235992431640625,-2.188599243164049
777,2008-05-15,143.51,147.0,142.01,142.78,513096576.0,3552479,13931,-0.6964671083410034,0.3281647299446355,147.5809,145.85,1.7309020996093807,2.460152099609388
788,2008-05-30,60.01,61.8,59.0,60.83,238892944.0,3964928,6201,0.8506312711715314,-2.827381134455864,56.461754,64.2,-7.738246154785159,-7.417246154785161
791,2008-06-04,60.6,60.65,58.49,59.26,229986736.0,3880928,6192,-1.8591022409389923,-15.3086696841104,56.700394,58.79,-2.0896063232421866,-1.7956563232421843
795,2008-06-12,51.29,52.0,49.2,49.61,160954256.0,3206357,5151,-1.7727605642772981,6.951351312754084,48.70664,49.98,-1.2733616638183562,-1.0234616638183596
802,2008-06-23,42.11,47.56,41.8,47.56,297072576.0,6463160,4324,-2.0960321721462454,-48.46438973831229,47.24334,48.5,-1.2566604614257812,-1.0141604614257815
805,2008-06-26,48.6,51.0,48.6,50.09,303680128.0,6075189,4886,0.3828875852825764,0.4102532215417565,51.145004,55.1,-3.954995727539064,-3.679495727539063
813,2008-07-08,56.05,57.98,55.68,57.33,337371872.0,5918317,5684,0.6618657120259774,2.8750157589247927,58.849556,59.10000000000001,-0.2504440307617273,0.04505596923826971
817,2008-07-14,61.0,64.38,61.0,64.32,372027584.0,5881581,5906,0.7574064669036762,-21.929766863719525,66.62503,68.8,-2.174969482421872,-1.830969482421878
818,2008-07-15,67.8,68.8,64.45,65.59,689595392.0,10385608,6432,-4.129548669800764,36.782936177404025,68.03798,64.3,3.7379791259765653,4.059479125976566
826,2008-07-25,57.6,58.79,57.05,57.99,149020992.0,2567757,5870,-1.281672354031771,-16.414922000842015,58.445423,58.47,-0.024576873779295738,0.26777312622070326
835,2008-08-07,45.99,46.89,45.21,46.77,122319680.0,2653633,4651,-0.04592734661185149,-14.718945270150494,46.75057,46.46,0.2905683898925773,0.5228683898925794
836,2008-08-08,45.7,46.46,45.0,45.28,119231400.0,2599069,4677,-4.741144814809372,32.19512478991089,45.086113,44.88,0.2061129760742162,0.430512976074219
840,2008-08-14,40.0,40.88,39.37,40.09,166404320.0,4141797,3936,-0.047450167098206375,-26.838532822879852,41.10939,38.3,2.8093902587890653,3.000890258789063
841,2008-08-15,38.1,38.3,36.79,37.27,330277376.0,8818036,4009,0.16779141480902648,1.3147883965837437,37.72396,36.7,1.023960876464841,1.2074608764648431
844,2008-08-20,34.65,37.39,34.12,37.39,339712352.0,9422569,3399,7.854901276150006,131.26338687071888,37.888542,37.5,0.38854217529296875,0.5760421752929688
845,2008-08-21,37.19,37.5,35.51,36.66,237145872.0,6515960,3739,-3.5121242508705297,-16.706937073931893,36.942165,37.98,-1.0378346252441375,-0.847934625244136
846,2008-08-22,37.5,37.98,36.51,37.19,222601632.0,5967057,3666,-1.5978035826807124,-29.90507766397179,37.745197,36.46,1.2851972961425773,1.4674972961425752
847,2008-08-25,36.03,36.46,34.7,35.39,145222384.0,4089086,3719,-0.18212588308181848,-29.10860464013544,35.468925,34.7,0.7689254760742159,0.942425476074213
862,2008-09-17,27.43,28.0,26.88,27.9,80203880.0,2906620,2755,-3.5743383400394846,-2.088649848416102,27.718313,30.689999999999998,-2.971686782836912,-2.8182367828369124
877,2008-10-16,37.6,37.97,34.23,34.23,237892864.0,6636494,3803,-4.882049353308672,27.082472757300984,34.93571,33.6,1.3357109069824205,1.5037109069824197
879,2008-10-20,32.5,34.67,31.58,34.49,187734464.0,5584099,3354,3.462138485539424,15.886001319151877,34.90391,35.18,-0.27608840942382784,-0.10018840942382923
880,2008-10-21,34.9,35.18,33.5,33.55,135172928.0,3972145,3449,-0.8077058938277926,16.922250437777837,35.01428,33.09,1.924278411865231,2.089728411865231
883,2008-10-24,31.0,31.88,29.89,30.59,153479104.0,4949292,3228,-2.8984401399622883,-7.768709638791216,30.534145,31.990000000000002,-1.4558546447753926,-1.2959046447753941
890,2008-11-04,32.33,32.42,31.5,31.64,81670208.0,2560387,3239,-1.5590793086348032,2.833084795349872,31.688192,33.5,-1.811807632446289,-1.6443076324462922
894,2008-11-10,31.7,33.1,31.7,32.86,168065040.0,5170971,3100,7.380962314418027,102.87320214494257,34.515408,33.29,1.2254075622558602,1.3918575622558578
901,2008-11-19,35.44,39.15,35.18,38.91,208011888.0,5559502,3598,6.160385255079316,-15.58511686561963,40.020374,42.8,-2.779625701904294,-2.5656257019042954
906,2008-11-26,42.0,42.0,40.83,41.16,186974640.0,4514100,4245,0.5015564605378664,6.425484863921382,42.326794,43.81,-1.4832063293457054,-1.2641563293457025
914,2008-12-08,41.16,42.83,40.75,42.79,386830048.0,9244311,0,4.06620371750166,44.69873232677919,43.89518,44.4,-0.5048202514648423,-0.282820251464841
917,2008-12-11,45.6,48.1,45.59,46.95,420963840.0,8978913,0,-2.3874374520008184,-11.666509068900789,48.23215,47.95,0.2821510314941378,0.5219010314941386
927,2008-12-25,46.75,47.57,45.86,46.15,84724648.0,1821530,0,-0.8637729390006732,-9.694161764475318,47.558414,46.89,0.6684144592285151,0.9028644592285175
936,2009-01-09,46.48,47.2,45.95,46.58,120548120.0,2588500,4601,1.6085890285435722,-11.299664393302535,47.714153,47.48,0.234153289794925,0.47155328979492594
942,2009-01-19,47.65,48.34,46.3,46.69,220285520.0,4666300,4648,1.1179724752664375,-15.113592917770026,48.371544,46.5,1.8715438842773438,2.1040438842773455
946,2009-01-23,46.1,46.4,45.8,45.95,117712160.0,2557300,4589,-0.5805678511163759,-2.306818019458312,46.637886,50.55,-3.912113952636716,-3.659363952636717
948,2009-02-03,49.05,52.5,49.05,51.19,401141760.0,7858200,5055,2.520587634779736,70.32779202418568,52.737732,52.0,0.73773193359375,0.997731933593748
957,2009-02-16,64.3,64.45,62.99,64.32,304090464.0,4758100,6415,2.6339482964161,8.501365038977669,66.84728,68.5,-1.6527175903320312,-1.3102175903320301
958,2009-02-17,64.29,68.5,61.58,66.94,686407104.0,10425800,6432,-3.1255965072596203,-7.438087143211512,67.57963,69.99,-2.4103720092773386,-2.0604220092773318
959,2009-02-18,67.85,69.99,66.99,68.37,520332640.0,7587800,6694,-4.588540596740854,-18.14908388002521,70.12813,70.6,-0.4718719482421818,-0.11887194824218739
961,2009-02-20,67.78,68.56,66.2,68.51,267130640.0,3939700,6800,1.9974678147067104,-4.646864580252387,70.71417,75.29,-4.575827636718756,-4.199377636718751
962,2009-02-23,70.3,75.29,69.5,74.43,620009600.0,8540700,6851,2.8221403221403207,26.356676301936197,76.697914,80.0,-3.3020858764648438,-2.902085876464838
964,2009-02-25,74.98,77.98,72.8,73.59,805601344.0,10746800,7774,0.10426396159610718,-15.068804465650432,76.900185,73.49,3.4101846313476614,3.7776346313476665
970,2009-03-05,73.06,75.0,70.5,72.16,1181347072.0,16289200,7308,0.8651510841739096,19.175898575127288,74.13711,74.68,-0.5428921508789131,-0.16949215087890934
976,2009-03-13,66.02,67.5,65.74,65.97,333927776.0,5020700,6549,-0.4639617276707031,-2.9030767999726264,67.54931,67.49,0.059308776855473866,0.3967587768554779
985,2009-03-27,82.79,82.79,80.61,81.33,670164480.0,8214600,8287,0.7718395509297205,19.531303339110195,83.77215,81.06,2.7121481323242165,3.1174481323242134
986,2009-03-30,79.0,81.06,78.05,79.73,536415616.0,6758100,8133,-0.5778473186523803,-30.447901095133282,81.69353,81.55,0.14352722167969034,0.5512772216796975
988,2009-04-01,80.0,81.5,79.5,79.88,478474880.0,5959600,8026,1.612176458156389,32.312284610070854,82.35737,81.4,0.9573684692382756,1.364368469238272
995,2009-04-13,76.6,76.6,74.47,75.86,838230720.0,11082400,7606,2.349809094866928,33.48248232396693,77.16703,77.78,-0.6129696655273449,-0.2240696655273382
999,2009-04-17,72.8,74.01,71.7,72.03,829263360.0,11431400,7539,-1.355359475421547,-17.943000435958687,72.51925,73.8,-1.2807510375976534,-0.9117510375976536
1014,2009-05-11,39.42,39.42,37.8,38.03,678296640.0,17744900,3925,-2.2909630649428747,17.46494832119354,36.157898,38.33,-2.1721020507812483,-1.9804520507812455
1015,2009-05-12,37.98,38.33,37.6,38.14,295928800.0,7803800,3803,2.320461450398481,-29.24952760930985,37.00112,39.69,-2.688878479003904,-2.490428479003903
1016,2009-05-13,38.8,39.69,38.8,39.19,647947136.0,16511900,3814,0.9122988208968064,20.76409989534809,38.58948,39.66,-1.070518646240231,-0.8722186462402277
1019,2009-05-18,38.98,40.0,38.66,39.99,726798464.0,18398600,3861,0.5167875484600293,15.253560328895269,39.883446,39.84,0.04344573974609034,0.24264573974608794
1036,2009-06-12,52.46,53.0,49.5,50.2,959171456.0,18886784,5246,-1.8685656209587287,-8.091430096357621,51.143307,49.38,1.7633067321777318,2.0102067321777355
1038,2009-06-16,48.03,53.45,48.02,53.3,1722541824.0,33512089,4878,-0.16755501164794628,-5.6122807038779925,52.85554,57.35,-4.4944587707519545,-4.207708770751957
1041,2009-06-19,53.37,53.44,52.45,52.77,807473280.0,15312033,5391,0.7382016922709678,6.477635806307425,53.846104,56.0,-2.1538963317871094,-1.8738963317871082
1053,2009-07-07,61.1,62.5,60.65,61.11,1736440448.0,28339690,6266,-1.0151863100970493,-4.186810938950969,61.549885,62.99000000000001,-1.440115203857431,-1.1251652038574278
1055,2009-07-10,61.99,62.98,61.15,61.4,1390626176.0,22484054,6160,0.05918205105555074,-6.107638822657169,62.59154,60.9,1.6915412902832045,1.9960412902832019
1062,2009-07-21,63.5,63.99,61.32,61.48,1424173440.0,22795059,6267,-1.4282452271157764,-4.299582924383771,62.762108,61.99000000000001,0.7721078491210847,1.0820578491210853
1069,2009-07-30,59.1,60.3,57.03,59.22,1249941632.0,21363585,5943,2.1444368569991434,-19.376379930086905,60.18666,61.60000000000001,-1.413339233398446,-1.1053392333984462
1077,2009-08-11,58.11,58.14,56.4,57.8,522492128.0,9118331,5830,0.3340348818182459,-24.005326409481746,58.35526,57.7,0.6552589416503878,0.9437589416503869
1079,2009-08-13,53.48,55.49,52.3,54.98,872696320.0,16216209,5348,1.2780361452875644,-5.893514076874329,55.248905,55.8,-0.5510948181152315,-0.27209481811522807
1090,2009-08-28,49.52,52.0,49.08,50.11,1003765568.0,19710040,4913,-3.4698856255742427,4.858327906097858,50.518993,51.82,-1.3010066223144534,-1.0419066223144497
1092,2009-09-01,47.4,47.77,44.61,46.51,611677568.0,13254585,4796,0.4745130323255298,-16.543362341473454,47.00839,47.6,-0.591611480712892,-0.3536114807128925
1095,2009-09-04,55.1,56.86,54.6,55.47,2516442880.0,45091661,5169,0.8250435785527976,-6.626128343770522,57.55206,60.27,-2.7179408264160188,-2.4165908264160194
1098,2009-09-09,64.55,66.0,61.68,63.14,3076216320.0,48384072,6455,0.7549740300286656,8.605331319239482,65.18614,63.47,1.7161419677734386,2.033491967773436
1102,2009-09-15,63.2,64.9,61.85,63.39,1942241920.0,30682264,6385,0.28086561263622745,-0.3452255348352029,64.93898,69.73,-4.7910198974609415,-4.442369897460935
1104,2009-09-17,70.6,73.35,69.5,71.16,4383582720.0,61704368,6973,1.8985710076605768,3.5004149437968923,72.644035,70.6,2.0440353393554744,2.397035339355469
1113,2009-09-30,58.75,60.5,58.55,59.0,1250061056.0,21048008,5776,1.0937694504910445,-8.159451534291131,60.027378,64.9,-4.872621917724615,-4.548121917724615
1117,2009-10-14,70.81,71.5,69.0,69.46,2398350592.0,34023751,6941,0.9029175993897188,59.67699775981657,70.70498,69.5,1.2049789428710938,1.5524789428710903
1118,2009-10-15,68.93,69.5,67.09,67.13,1892940416.0,27724777,6946,0.3792526491912973,-25.21188439543917,68.71667,69.2,-0.4833328247070341,-0.13733282470703045
1120,2009-10-19,67.8,71.0,66.66,69.88,2028933120.0,29467256,6852,2.6976503141860286,39.626836853055615,70.667656,72.2,-1.532344055175784,-1.1713440551757799
1122,2009-10-21,70.0,70.2,69.0,69.42,1784178048.0,25609894,7162,-0.24544272953632704,-6.639366115628786,70.89344,70.6,0.29344024658203693,0.6464402465820314
1130,2009-11-02,63.79,66.5,63.3,66.48,958925056.0,14657465,6548,3.427357279819044,35.17746003920191,66.95745,69.86,-2.9025491333007807,-2.553249133300781
1133,2009-11-05,70.76,70.76,68.5,69.26,1359313664.0,19557441,6979,0.30197834904992504,-6.2946282642942455,71.102425,70.6,0.5024246215820369,0.8554246215820314
1134,2009-11-06,69.42,70.6,68.77,70.4,1523740416.0,21829760,6926,0.5397884721965562,14.31227298198299,71.15151,77.01,-5.858487854003911,-5.473437854003905
1136,2009-11-10,75.78,75.78,73.28,73.52,2353437696.0,31648728,7579,0.22856064008422994,8.00770097422574,75.54074,75.0,0.540740966796875,0.915740966796875
1138,2009-11-12,75.65,76.5,74.18,75.11,1144028800.0,15208153,7418,0.12358145934827648,10.101489238316221,76.773994,73.5,3.2739944458007812,3.641494445800788
1140,2009-11-16,74.5,76.2,73.8,75.27,1468475392.0,19598684,7328,3.043152055292841,35.025865700876714,76.86132,76.87,-0.008679504394535797,0.37567049560546195
1141,2009-11-17,76.5,76.87,74.5,74.52,1177469696.0,15639545,7527,0.07032930663577464,-20.921171695165864,76.79398,75.0,1.7939834594726562,2.1689834594726562
1142,2009-11-18,75.0,75.0,72.91,73.95,828255616.0,11228663,7452,0.051814185511323,-8.383787154524825,75.61523,76.5,-0.8847732543945312,-0.5022732543945239
1143,2009-11-19,74.02,76.5,73.6,75.06,1359670144.0,18039185,7395,0.3363423254173936,6.403731958665148,76.355675,75.29,1.0656747436523375,1.442124743652343
1144,2009-11-20,74.2,75.29,73.59,74.54,875153728.0,11771379,7506,-0.3138006391320114,-0.19943523334372548,75.74164,78.45,-2.708361816406253,-2.3161118164062486
1150,2009-11-30,80.97,82.5,79.11,82.21,1517113216.0,18779585,7902,3.8184661686144317,-5.464319445295562,84.72214,86.18,-1.4578625488281318,-1.0269625488281378
1162,2009-12-17,84.44,84.44,81.1,81.81,710579392.0,8559100,8346,-2.2627446134489526,11.098761967050288,82.89838,80.55,2.348376464843753,2.7511264648437503
1165,2009-12-22,77.73,77.78,73.4,75.32,1002081152.0,13304055,7886,-2.681489245190805,11.613702972730813,75.38163,75.75,-0.36837005615234375,0.01037994384765284
1167,2009-12-24,75.24,81.87,74.88,81.21,1322457472.0,16825947,7443,3.0673044645854297,33.94047091383696,81.88744,80.5,1.3874435424804688,1.7899435424804722
1168,2009-12-25,80.5,80.5,78.0,78.81,725597952.0,9179697,8121,-0.4082795842760056,-27.126184431554947,81.14278,82.12,-0.977223510742192,-0.5666235107421898
1170,2009-12-29,80.24,80.8,79.11,80.78,555625984.0,6963498,8083,0.6413813128336665,0.2896142131008084,81.89912,80.5,1.3991165161132812,1.8016165161132847
1174,2010-01-05,80.85,82.35,80.57,80.85,1185349632.0,14586617,7917,0.8149399049001138,29.815792722297417,82.72542,80.38,2.345418090820317,2.7473180908203148
1181,2010-01-14,77.18,77.8,75.95,76.83,602726144.0,7863180,7705,1.400410389519302,-25.880483933272057,78.65143,77.17,1.4814282226562483,1.8672782226562532
1191,2010-01-28,66.5,67.8,64.5,66.59,608317312.0,9207431,6756,0.2501117686966259,-10.818992566414163,66.94713,66.99,-0.042871704101557384,0.2920782958984489
1193,2010-02-01,65.0,65.5,62.56,63.12,504860192.0,7943766,6556,-1.6057250574253443,13.407116339136605,63.54515,69.08,-5.534849243164061,-5.189449243164063
1196,2010-02-04,67.0,67.49,66.23,66.54,381900256.0,5727016,6819,-0.3689580031695616,-8.991153460119243,68.10112,64.0,4.1011199951171875,4.421119995117188
1197,2010-02-05,63.0,64.0,62.39,63.85,531231168.0,8365063,6654,-2.0414440164036263,0.225729772098382,63.21959,65.0,-1.7804107666015625,-1.4554107666015597
1203,2010-02-22,71.01,71.68,69.0,69.3,447122432.0,6385615,7011,-0.5517826825127359,12.406789805156679,71.37016,68.9,2.470162963867182,2.8146629638671783
1207,2010-02-26,68.6,69.55,67.81,68.27,420073088.0,6129159,6840,-0.3177274287467391,-22.90294985470275,70.3146,70.28,0.03459808349609261,0.38599808349609077
1209,2010-03-02,69.2,69.2,67.85,68.0,322058912.0,4723093,6940,-0.3964601343993901,-5.735350020130725,69.82905,69.5,0.32904815673828125,0.6765481567382778
1212,2010-03-05,66.8,68.3,66.66,67.62,299975776.0,4454871,6708,0.28271964609283273,-34.201532846283776,69.092125,68.76,0.33212493896483863,0.6759249389648403
1213,2010-03-08,67.5,68.76,67.1,68.51,302373024.0,4438409,6762,0.8104891157631133,-8.95976163301616,69.909004,68.7,1.2090042114257784,1.5525042114257843
1214,2010-03-09,67.97,68.7,67.0,68.21,372985664.0,5496070,6851,0.5988716381938985,30.472660229890188,69.38755,70.56,-1.172449645996096,-0.819649645996094
1223,2010-03-22,70.25,70.25,68.78,69.14,516383776.0,7462275,7038,0.2659485650617688,7.331990120225939,70.6399,69.4,1.2399002075195256,1.5869002075195198
1239,2010-04-15,79.0,81.2,78.78,79.62,1158750720.0,14477222,7951,-0.2685305152319017,1.2362822612513424,81.93849,80.5,1.4384918212890625,1.840991821289066
1244,2010-04-22,78.0,80.47,77.41,79.39,906123968.0,11453548,7816,-1.085680388546284,6.205678429363504,81.03095,78.94,2.0909524536132835,2.485652453613284
1245,2010-04-23,78.58,78.94,76.6,76.72,889112064.0,11487148,7939,-0.3604515326998903,-13.827765316996976,78.76219,78.8,-0.03780822753905966,0.3561917724609458
1254,2010-05-07,76.5,78.87,75.6,77.64,1470731008.0,19016188,7428,-2.073624545197217,3.996885303494469,78.5789,78.6,-0.021096801757806816,0.37190319824219387
1258,2010-05-13,78.99,79.58,77.22,79.26,911548224.0,11628329,7870,2.4395350157549567,4.0441795409106085,81.43206,81.52,-0.08793975830077727,0.3196602416992249
1262,2010-05-19,39.48,40.5,38.72,39.61,1027267968.0,25896940,3946,-0.33124650441119785,-16.38874320118351,39.347485,39.18,0.16748458862304716,0.3633845886230489
1265,2010-05-24,37.87,39.48,37.87,39.25,1025724992.0,26336104,3787,3.780712874576975,36.76331197157439,39.139366,40.02,-0.8806338500976594,-0.6805338500976603
1271,2010-06-01,39.77,40.88,39.6,40.58,976841792.0,24182463,3959,-1.0493065922416391,-2.9543940831628257,39.17794,40.85,-1.6720596313476577,-1.4678096313476559
1276,2010-06-08,39.81,40.13,39.19,39.66,545382016.0,13732958,3898,0.13428694374788552,-11.131990742095377,40.458244,40.34,0.11824432373046534,0.3199443237304678
1277,2010-06-09,39.83,40.34,39.5,40.21,836381888.0,20907275,3966,3.0670460186564164,71.34098224078636,41.35758,39.98,1.3775782775878938,1.5774782775878933
1288,2010-06-29,37.81,37.84,36.0,36.08,652847040.0,17830928,3826,-4.592201061550815,75.95985051485303,36.126007,36.45,-0.32399291992187784,-0.1417429199218745
1292,2010-07-05,32.8,32.8,32.0,32.24,274565568.0,8498040,3305,-0.8464543624955523,-28.35529599836132,32.464764,32.9,-0.4352363586425767,-0.27073635864257994
1297,2010-07-12,33.39,35.5,33.39,34.15,704839808.0,20494980,3337,1.100071776661249,-0.052235270022271685,35.067657,33.78,1.2876574707031239,1.4565574707031246
1298,2010-07-13,33.78,33.78,33.0,33.15,345514272.0,10410612,3415,-1.555552234121249,-26.05770766763941,33.4295,33.92,-0.49049942016601733,-0.3208994201660147
1305,2010-07-22,33.77,34.85,33.6,34.56,616809920.0,17949689,3386,1.2361092406081522,-13.69797108111792,35.457825,34.88,0.5778247070312474,0.752224707031246
1308,2010-07-27,35.88,36.3,35.4,35.43,723201728.0,20232405,3627,-0.5453478237669285,-7.055132821324128,36.651108,37.2,-0.5488922119140653,-0.3628922119140654
1313,2010-08-03,36.38,37.39,36.18,36.38,937832320.0,25535929,3622,-1.7584933859395968,13.945642310849935,37.23566,37.2,0.03566055297851278,0.22166055297851273
1316,2010-08-06,37.45,37.46,36.51,37.22,581537216.0,15719670,3722,1.6426795003560368,11.550913365983215,38.170383,39.99,-1.8196165466308614,-1.6196665466308602
1318,2010-08-10,39.4,39.4,38.01,38.07,1307693440.0,33833634,3969,-2.93327485059488,4.962962817246175,39.117687,39.27,-0.15231277465820625,0.044037225341796216
1325,2010-08-19,42.76,43.99,42.76,43.73,1443597696.0,33254588,4265,0.6141569300324168,8.731412797041882,44.690575,44.3,0.3905746459960966,0.6120746459960955
1326,2010-08-20,43.83,44.3,42.6,42.74,1381753984.0,31963383,4373,-1.9310414833863527,-6.839867707275149,43.903973,42.85,1.0539726257324205,1.2682226257324203
1331,2010-08-27,41.54,41.57,40.6,41.26,691491520.0,16839009,4155,0.2975344638239452,-16.19229182262203,42.023537,42.11,-0.08646331787109318,0.12408668212890461
1332,2010-08-30,41.45,42.11,41.1,42.08,854190016.0,20423705,4126,1.9744137803167303,61.19283105181121,42.73716,43.21,-0.4728402709960946,-0.25679027099609186
1333,2010-08-31,41.9,43.21,41.7,42.6,873373632.0,20504995,4208,-0.4054874597342773,0.02467228762479401,43.26754,43.96,-0.6924600219726571,-0.4726600219726578
1337,2010-09-06,43.0,43.43,42.28,42.89,716817600.0,16727272,4299,1.8793168984422293,29.20478258106125,43.78846,44.16,-0.37154022216796534,-0.15074022216796834
1347,2010-09-20,44.38,45.5,43.62,45.1,1258071552.0,27997703,65536,-0.4033033127487817,-3.1879074297096244,45.792763,45.4,0.39276275634765767,0.6197627563476544
1350,2010-09-28,46.66,51.57,46.1,51.5,3414075136.0,68327489,65536,-0.8302840246056098,19.540751522518327,50.876938,54.15,-3.273062133789061,-3.0023121337890615
1351,2010-09-29,51.56,54.15,50.65,52.28,3031278336.0,57773692,65536,-0.21173865202314124,-3.2024608722693415,53.77382,56.28,-2.5061810302734386,-2.2247810302734408
1353,2010-10-08,59.0,61.46,59.0,61.46,3201106432.0,52790901,65536,3.7014957912773214,58.721155490072924,62.782784,66.85,-4.067216491699213,-3.732966491699216
1356,2010-10-13,62.7,64.88,61.2,62.66,2605763840.0,41378980,65536,1.4136091000494844,13.541015331099725,64.54779,67.11,-2.5622094726562494,-2.2266594726562516
1358,2010-10-15,64.88,66.16,62.8,64.27,2832130048.0,43907050,65536,3.211399008727911,7.684516874661673,66.13264,63.519999999999996,2.6126370239257852,2.930237023925784
1368,2010-10-29,59.7,60.98,59.28,59.59,1243291392.0,20730319,65536,-0.52123648714274,2.1449167954726622,60.021378,63.5,-3.4786224365234375,-3.161122436523435
1371,2010-11-03,63.9,64.45,60.12,60.6,2236689152.0,36137333,65536,-1.2355874598989902,-18.431269605958754,62.232033,62.25999999999999,-0.027967224121084655,0.28333277587891814
1376,2010-11-10,65.0,65.69,64.5,65.06,2220283136.0,34167594,65536,-0.7048908185416813,-1.9402752530198293,65.926186,65.88,0.0461856079101608,0.3755856079101676
1378,2010-11-12,63.64,64.4,60.0,60.84,2523200768.0,40863467,65536,-6.215135128975091,15.65563875947047,60.801125,60.0,0.8011245727539062,1.1011245727539034
1387,2010-11-26,55.5,55.6,54.4,54.5,698172544.0,12767596,65536,-0.8881705485996538,-22.739446112174512,54.865498,53.8,1.065497589111331,1.3344975891113293
1398,2010-12-13,54.5,55.99,54.38,55.77,945737792.0,17132264,65536,3.1334796551527817,67.60097187605858,56.541588,56.86,-0.3184121704101557,-0.03411217041015391
1404,2010-12-21,55.15,55.18,53.98,54.86,896240256.0,16430523,65536,2.2289266546280606,6.812129364950702,55.986687,55.46,0.5266867065429679,0.8039867065429647
1405,2010-12-22,54.99,55.46,54.17,54.32,654727744.0,11995194,65536,-1.0481580299799176,-12.418110809916596,55.5737,54.28,1.2936999511718739,1.5650999511718737
1411,2010-12-30,51.12,51.35,50.48,51.0,632973824.0,12408861,65536,0.07413866870467077,20.110856215401697,51.94432,52.86,-0.9156793212890619,-0.6513793212890633
1412,2010-12-31,51.02,52.86,50.68,52.71,850524800.0,16389139,65536,2.093926438432181,15.262400332165171,53.48829,53.79,-0.3017111206054679,-0.032761120605471206
1414,2011-01-05,51.5,51.5,50.31,50.66,1312741760.0,25901798,65536,-0.4395425246419671,-7.190725161935707,51.034473,50.5,0.5344734191894531,0.7869734191894509
1422,2011-01-17,45.2,45.6,44.01,44.17,678591616.0,15161166,65536,-3.800624866585167,25.221668341504344,43.941616,45.35,-1.408383941650392,-1.1816339416503894
1425,2011-01-20,46.03,46.03,44.01,44.15,504399584.0,11258361,65536,-3.288831962165617,7.909753212997361,44.797432,44.39,0.4074319458007807,0.6293819458007803
1430,2011-01-27,42.05,43.3,41.72,43.04,600110912.0,14027566,65536,1.6129303022061947,90.39990543857093,43.516056,42.95,0.5660560607910128,0.780806060791015
1437,2011-02-14,45.3,46.79,45.0,46.43,829937344.0,17994927,65536,3.1458269250487003,59.65968816311214,47.274727,48.07,-0.795273132324219,-0.5549231323242196
1443,2011-02-22,49.9,50.73,48.45,48.56,1512761472.0,30585326,65536,-2.8954145449076263,35.848923553638244,49.591255,51.84,-2.248744812011722,-1.9895448120117223
1444,2011-02-23,48.6,51.84,48.6,51.07,2011872128.0,39840993,65536,0.3527649055816484,-33.875041474780666,51.903927,52.23,-0.3260731506347625,-0.06492315063476184
1446,2011-02-25,50.46,50.46,48.81,49.61,818418432.0,16572038,65536,0.20934270152368484,-7.321169301744933,50.85322,49.6,1.2532218933105455,1.501221893310543
1450,2011-03-03,51.24,51.24,49.53,49.55,1008454144.0,20039960,65536,-0.6653716893287864,25.100970340847997,50.95151,49.58,1.3715113830566423,1.6194113830566437
1454,2011-03-09,50.1,50.1,49.34,49.54,652325696.0,13136142,65536,0.04194806829145303,-8.073047340347228,50.332672,49.54,0.7926721191406259,1.0403721191406277
1459,2011-03-16,46.5,47.78,46.3,47.59,645213504.0,13688168,65536,1.3807912708023728,-17.883731548809408,48.20889,47.17,1.0388890075683577,1.274739007568357
1460,2011-03-17,46.94,47.17,46.4,46.61,433441792.0,9283332,65536,-1.5731789914414152,8.657919804736313,47.01504,48.49,-1.4749586486816426,-1.2325086486816446
1461,2011-03-21,47.6,48.49,47.22,48.32,904122048.0,18831605,65536,-0.26681676405374555,-3.643818280816058,48.98039,49.7,-0.719611358642581,-0.471111358642581
1463,2011-03-23,49.23,50.15,48.65,49.6,1038472384.0,20987614,65536,1.3022190781145189,25.902605900949613,50.715187,51.6,-0.8848129272460952,-0.6268129272460925
1473,2011-04-08,53.24,53.75,52.35,53.59,1391820032.0,26185999,65536,0.8705277913139797,-12.697600694704487,54.341915,54.68,-0.33808486938476534,-0.06468486938476303
1474,2011-04-11,54.45,54.68,52.95,52.99,1290203520.0,24011595,65536,-0.5943292697473623,41.243961622205894,54.135674,52.5,1.6356735229492188,1.8981735229492216
1478,2011-04-15,53.3,54.48,53.3,53.87,1939679872.0,35947866,65536,0.16042653180501354,-11.753516470378669,54.91654,57.5,-2.5834617614746094,-2.295961761474608
1480,2011-04-26,52.7,52.76,50.8,50.96,1311071104.0,25398645,65536,-0.5726911560606562,-20.59263015425219,52.444363,51.99,0.4543626403808574,0.7143126403808608
1485,2011-05-04,48.0,48.5,47.1,47.22,850108800.0,17839871,65536,-2.5567323652421425,21.304840405018943,47.134117,48.16,-1.0258828735351528,-0.7850828735351527
1490,2011-05-11,46.7,46.8,46.3,46.35,374044544.0,8032585,65536,-0.2581488129594467,16.50389374146699,47.067223,45.53,1.5372225952148426,1.7648725952148396
1493,2011-05-16,44.4,44.66,44.01,44.07,320959936.0,7246304,65536,-0.8832866062037925,-3.6285264798233907,44.390957,45.55,-1.1590431213378878,-0.9312931213378874
1514,2011-06-15,45.51,46.08,45.37,45.44,284112576.0,6236292,65536,-1.0168495036010694,-20.706288170753826,46.40511,45.44,0.9651094055175804,1.1923094055175838
1518,2011-06-21,44.35,44.7,44.0,44.51,203151648.0,4582708,65536,1.1885630804549852,10.65209232832338,45.446842,44.83,0.6168421936035173,0.840992193603519
1521,2011-06-24,43.96,45.67,43.8,45.26,607059648.0,13540902,65536,2.3613501350743467,86.01907306694349,45.934578,45.5,0.43457794189453125,0.6620779418945304
1530,2011-07-08,48.01,48.45,47.45,47.93,387118304.0,8084378,65536,0.2418044414639775,-28.58608005864335,49.08327,48.8,0.28327102661133097,0.5272710266113307
1533,2011-07-13,48.25,50.0,48.25,49.47,954063296.0,19309645,65536,1.6140481728281308,-5.242028855369852,50.611786,52.08,-1.4682141113281233,-1.2078141113281262
1554,2011-08-11,53.0,53.23,51.6,51.65,1450238592.0,27816293,65536,1.5155163378326677,0.5768512934485104,53.668606,51.47,2.1986058044433605,2.455955804443363
1561,2011-08-22,51.02,51.2,50.36,51.14,674457536.0,13258833,65536,-1.0638752555508837,-20.920106843213013,51.831776,51.76,0.07177566528320511,0.3305756652832059
1562,2011-08-23,51.65,51.76,50.25,50.33,680661696.0,13420791,65536,1.5555531555661248,-4.645383317618967,51.9191,49.7,2.219101715087888,2.4676017150878877
1568,2011-08-31,48.25,48.39,47.9,47.98,222646112.0,4629233,65536,0.177356126880035,-25.56911708579413,49.05456,48.39,0.6645616149902338,0.9065116149902366
1580,2011-09-19,45.65,45.8,44.73,44.79,173053568.0,3834909,65536,-2.001470378457848,5.57052107691367,45.680534,44.5,1.1805343627929688,1.4030343627929724
1582,2011-09-21,44.3,45.25,44.04,45.16,248250400.0,5537868,65536,3.0172686209268385,119.51979088297556,45.72646,44.82,0.9064595031738278,1.1305595031738278
1584,2011-09-23,43.0,43.5,41.16,42.6,652583680.0,15559069,65536,-0.6035692875946186,-9.575756443478989,42.697174,41.45,1.2471740722656222,1.454424072265624
1585,2011-09-26,41.0,41.45,39.32,39.7,575918336.0,14232872,65536,-2.193685661626976,-8.022825950577273,39.930214,40.26,-0.32978607177734176,-0.1284860717773384
1588,2011-09-29,39.0,39.0,37.8,38.09,371145216.0,9718352,65536,-0.8580435840174094,8.557436583531741,38.565178,38.9,-0.33482208251952983,-0.14032208251953193
1591,2011-10-11,39.8,40.19,38.56,38.8,222825680.0,5663417,65536,-0.19905517230591752,58.97494810437181,39.508114,39.79,-0.2818861389160148,-0.08293613891601126
1593,2011-10-13,39.58,40.76,39.35,40.19,354462720.0,8847517,65536,0.6745413572498027,-8.369735515654696,40.82499,40.16,0.6649893188476597,0.8657893188476606
1597,2011-10-19,38.47,38.74,38.05,38.19,142041920.0,3705853,65536,-0.35220911885996964,-20.971701538559696,38.67124,38.2,0.4712417602539034,0.6622417602539059
1603,2011-10-27,38.35,38.4,37.5,37.77,379846944.0,10031141,65536,0.2198631041049781,-33.21263138483225,39.079372,39.18,-0.10062759399414034,0.0952724060058614
1611,2011-11-08,41.0,41.28,39.85,39.95,422942496.0,10441487,65536,-0.31210598446779203,5.529901715162611,41.246403,40.3,0.9464027404785185,1.1479027404785214
1613,2011-11-10,39.59,39.59,38.91,39.14,250902160.0,6392573,65536,-1.8919557356495202,9.16367094472541,39.38183,39.29,0.0918283081054696,0.2882783081054683
1618,2011-11-17,39.1,39.4,38.9,39.08,154735792.0,3956277,65536,-0.3033571524875267,-37.00065875784298,39.699764,38.45,1.2497642517089815,1.442014251708983
1623,2011-11-24,36.6,37.0,36.32,36.62,136432624.0,3728361,65536,0.19001474452498,6.2674395504856095,37.30757,37.34,-0.03242858886719091,0.15427141113281095
1627,2011-11-30,37.52,37.6,36.01,36.3,222118176.0,6050869,65536,-3.3370774025615613,41.05381031655429,36.49296,38.46,-1.967038116455079,-1.774738116455076
1632,2011-12-07,35.35,35.85,35.35,35.66,116625704.0,3280035,65536,0.4725116637656289,-11.543807014036766,36.2627,36.11,0.1526991271972662,0.33324912719726285
1639,2011-12-16,29.92,30.45,29.0,30.23,396906112.0,13292277,65536,2.1078353889071755,-1.2203668629669706,30.50382,30.27,0.23382041931152386,0.3851704193115246
1648,2011-12-29,27.91,28.45,27.8,27.99,123974472.0,4406665,65536,0.14861802567669447,-6.065077510444916,28.220938,28.55,-0.3290622711181648,-0.18631227111816528
1651,2012-01-05,28.31,28.98,28.16,28.48,167004112.0,5868022,65536,-0.9727025557368152,25.24973746211445,28.86958,28.85,0.019579315185545454,0.163829315185545
1656,2012-01-12,31.17,31.66,30.95,31.52,284869568.0,9081359,65536,-0.016012415780863876,-19.733014222781943,32.31762,32.0,0.31761932373046875,0.4776193237304689
1665,2012-02-01,35.0,35.69,33.09,33.54,518342624.0,14988637,65536,-1.4312613117122508,14.05101659361867,34.526703,34.46,0.06670288085937415,0.23900288085937405
1678,2012-02-20,35.71,36.29,35.47,35.6,355913120.0,9917216,65536,0.1426831527458594,44.00240535153532,36.4379,35.8,0.6379005432128935,0.8169005432128955
1690,2012-03-07,34.14,34.81,34.14,34.4,373939200.0,10842365,65536,-0.6886553098948922,-8.804909713410769,34.624012,35.27,-0.6459880065918,-0.46963800659180066
1691,2012-03-08,34.61,35.27,34.61,35.2,344929376.0,9858921,65536,1.2597003457548883,1.0547732466673176,35.87749,36.21,-0.3325090026855477,-0.15145900268554868
1695,2012-03-14,35.6,35.93,34.26,34.38,610445376.0,17294466,65536,-2.8331971936577545,85.64767706389044,34.54172,34.2,0.3417213439941378,0.5127213439941372
1700,2012-03-21,34.38,35.09,34.18,34.75,329932288.0,9502767,65536,0.12923445994312832,-0.1919001880181681,35.425224,35.13,0.2952243041992162,0.4708743041992136
1701,2012-03-22,34.72,35.13,34.42,34.94,267518240.0,7676755,65536,-0.15611776844334235,-22.543437060277906,35.492027,34.7,0.7920272827148409,0.965527282714838
1703,2012-03-26,34.19,34.28,33.58,33.71,147007184.0,4336867,65536,0.0979263124084362,-26.57106551748777,34.27576,34.99,-0.7142393493652364,-0.5392893493652338
1704,2012-03-27,34.25,34.99,34.25,34.52,263744016.0,7614985,65536,-0.3247972951820555,12.975753146721349,35.192753,34.52,0.6727528381347625,0.8453528381347652
1709,2012-04-06,33.04,33.04,32.71,32.92,147461728.0,4485720,65536,0.2785703768261261,-22.01866288451525,33.745014,35.79,-2.044985809326171,-1.8660358093261706
1714,2012-05-03,36.12,36.2,35.69,35.89,326707968.0,9101932,65536,0.29923718739404137,-25.936260888423657,36.75794,36.18,0.5779383850097659,0.7588383850097671
1716,2012-05-07,35.94,36.65,35.6,36.57,519651424.0,14295863,65536,0.06995890834646801,8.42991038988432,37.152443,36.58,0.572442932128908,0.7553429321289116
1719,2012-05-10,34.8,35.1,34.71,34.89,205242928.0,5882717,65536,-0.011288762789229969,-19.58501981916766,35.530983,34.95,0.5809829711914034,0.7557329711914065
1722,2012-05-15,32.98,33.24,32.69,33.2,248365184.0,7554714,65536,0.07034903059799369,-12.125406691431994,33.566444,33.55,0.016444396972659092,0.18419439697265716
1727,2012-05-22,34.14,34.52,34.0,34.34,200501952.0,5854109,65536,1.5572639463828033,10.806251682227575,35.050632,34.09,0.9606324768066372,1.1310824768066396
1730,2012-05-25,33.5,33.61,33.19,33.4,124719128.0,3737953,65536,-0.8538643527045586,-8.335021237246721,33.73924,33.98,-0.240761260986325,-0.07086126098632661
1731,2012-05-28,33.46,33.98,33.01,33.9,191665888.0,5722192,65536,1.616338269014039,43.455476438726215,34.55178,34.65,-0.09821929931640483,0.07503070068359818
1739,2012-06-07,38.0,38.0,37.08,37.26,1134283520.0,30206811,65536,-0.5951356846797595,2.9047814065541466,38.58839,36.63,1.9583903503417943,2.141540350341792
1747,2012-06-19,35.92,36.09,35.4,36.05,308649408.0,8645117,65536,-0.8751709469589919,-8.385460284395863,36.473972,36.0,0.4739723205566406,0.6539723205566403
1748,2012-06-20,35.81,36.0,35.58,35.69,192101392.0,5375721,65536,-0.2348922466016701,-8.715185948078616,36.391163,35.15,1.2411628723144545,1.4169128723144553
1754,2012-06-29,32.3,32.97,31.5,32.84,279809728.0,8687658,65536,1.4791423612685817,24.397735751427827,33.110813,33.76,-0.6491868591308574,-0.48038685913086
1757,2012-07-04,33.81,33.94,33.36,33.49,154560864.0,4600547,65536,-0.15392592112510872,-10.961086495629203,34.230045,33.3,0.9300453186035185,1.0965453186035177
1769,2012-07-20,33.25,33.25,32.85,32.89,133441520.0,4043379,65536,-1.0666908658922951,-19.871110496544205,33.33347,32.8,0.5334693908691435,0.697469390869145
1774,2012-07-27,32.91,33.48,32.72,33.39,331987648.0,10004106,65536,0.06900987863633913,-0.7139564695692657,34.18998,33.99,0.19997955322265426,0.3699295532226543
1778,2012-08-02,33.45,33.58,33.01,33.27,171175312.0,5153890,65536,-1.0077798740805166,0.30333681637109144,33.790016,33.26,0.5300161743164082,0.6963161743164079
1782,2012-08-08,34.64,35.5,34.51,34.77,325001344.0,9276592,65536,0.038511932419926787,-1.2407781966687126,35.956196,35.4,0.5561958312988295,0.7331958312988291
1783,2012-08-09,34.88,35.4,34.5,35.0,264819872.0,7577129,65536,0.916816958812272,-5.6902256997675025,36.053654,35.2,0.8536537170410128,1.0296537170410147
1791,2012-08-21,35.11,35.5,34.95,35.02,407987936.0,11569010,65536,0.5174233965739683,27.344930939978074,35.97799,35.88,0.09798919677734119,0.2773891967773423
1793,2012-08-23,35.86,36.75,35.65,36.54,872214528.0,24095263,65536,0.28794340452780176,-1.1765647551192358,37.443794,36.73,0.7137942504882844,0.8974442504882845
1803,2012-09-06,36.4,37.19,36.34,37.04,499288896.0,13573235,65536,0.8154990272196683,-8.793610372796545,37.969223,38.65,-0.6807769775390611,-0.48752697753906205
1805,2012-09-10,39.0,39.38,38.0,38.33,1464971264.0,37735314,65536,0.4095495386633896,-30.88890605925981,39.488503,39.38,0.10850250244140369,0.3054025024414031
1813,2012-09-20,41.0,41.79,40.33,40.51,1155659264.0,28082854,65536,-2.2388524823705347,23.86067874933195,41.36694,42.7,-1.3330604553222685,-1.1195604553222651
1814,2012-09-21,40.55,42.7,40.55,41.67,1096067968.0,26192134,65536,0.14162435392428566,-10.400998886399515,42.66172,41.3,1.361720275878909,1.5682202758789074
1816,2012-09-25,40.9,40.9,39.45,39.76,773937152.0,19387567,65536,-0.24238102115980986,-25.66462478513633,40.568516,39.53,1.0385157775878895,1.2361657775878925
1819,2012-09-28,40.48,42.0,40.4,41.72,1099093248.0,26481126,65536,1.8381503917005881,9.164860638777439,42.720875,41.5,1.2208747863769531,1.4283747863769563
1821,2012-10-09,41.0,41.55,40.76,41.0,517574176.0,12595049,65536,2.2074403647496688,47.881634439888494,42.213284,41.43,0.7832835388183597,0.9904335388183583
1824,2012-10-12,41.1,41.4,40.38,40.6,376469216.0,9244836,65536,0.08686097466699128,-10.717771909428553,41.50306,39.84,1.6630593872070278,1.8622593872070254
1828,2012-10-18,39.39,39.83,39.21,39.68,349665568.0,8843171,65536,1.5333796940194544,51.7721048669858,40.396732,39.46,0.9367323303222648,1.1340323303222632
1829,2012-10-19,39.45,39.46,38.82,38.89,405540608.0,10380443,65536,-0.15453237902811612,-29.01775952235598,39.625683,39.1,0.5256828308105455,0.7211828308105481
1834,2012-10-26,38.88,38.88,37.5,37.52,368344992.0,9711154,65536,-1.8911157277282096,-7.781043680318501,38.126972,38.5,-0.3730278015136719,-0.18052780151366932
1837,2012-10-31,38.0,38.0,36.5,37.14,448242368.0,12032961,65536,0.6670000178581104,9.056299855133588,37.87286,38.28,-0.40714004516601676,-0.2157400451660152
1840,2012-11-05,36.78,37.3,36.5,37.11,432877472.0,11755628,65536,-0.21198472322770945,-0.8106687050288164,37.46276,37.8,-0.3372390747070284,-0.14823907470702835
1844,2012-11-09,38.55,39.09,38.41,38.55,325574816.0,8404349,65536,-0.19996348105689726,-13.886526954770408,39.538933,38.75,0.7889328002929688,0.9826828002929702
1852,2012-11-21,36.33,36.75,35.8,36.66,183635072.0,5049678,65536,1.3866819408004052,27.389824240896754,37.39454,37.03,0.3645388793945301,0.5496888793945303
1861,2012-12-04,35.29,35.29,34.2,35.0,348625280.0,10083065,65536,1.0726225193826044,-9.85609888151725,35.550453,36.27,-0.7195468139648469,-0.538196813964845
1863,2012-12-06,35.5,35.79,34.82,34.98,280733408.0,7988122,65536,-0.1938511150968436,-41.112383350400854,35.848404,36.47,-0.6215960693359364,-0.4392460693359368
1870,2012-12-17,36.78,37.37,36.5,36.96,528162464.0,14309301,65536,0.4597027849584157,-15.15373682141098,37.560688,37.5,0.060688018798828125,0.24818801879882812
1875,2012-12-24,35.9,36.18,35.71,36.09,368058176.0,10249168,65536,0.3887015177065578,-22.742262227822103,36.81593,36.62,0.19592941284179943,0.3790294128418026
1887,2013-01-14,36.0,37.23,35.88,37.08,778965440.0,21223325,65536,3.80552747832461,26.017146257119016,37.874115,37.89,-0.01588500976562557,0.17356499023437522
1888,2013-01-15,37.15,37.89,36.9,37.66,917561408.0,24503521,65536,0.7033320014121047,5.415812334705915,38.393547,38.85,-0.45645294189453267,-0.26220294189453597
1889,2013-01-16,37.98,38.85,37.71,38.69,1380840320.0,36019168,65536,-0.7230744339063011,-5.1558299488632215,39.391003,38.81,0.5810026550292946,0.7750526550292918
1894,2013-01-23,37.93,37.99,37.15,37.57,330008928.0,8793816,65536,0.4066386845854586,-28.38979722033324,38.082016,37.73,0.3520159912109406,0.5406659912109433
1901,2013-02-01,37.05,37.15,36.55,37.09,559667968.0,15203868,65536,2.1005776216280525,7.3799943624206055,37.885036,37.94,-0.05496353149413835,0.13473646850586363
1905,2013-02-07,37.89,38.79,37.71,38.56,979910144.0,25523931,65536,-0.5753213441696992,8.696465809659038,39.149044,38.75,0.3990440368652344,0.5927940368652358
1906,2013-02-08,38.31,38.75,38.08,38.4,583310080.0,15187212,65536,0.4297303858515011,-13.946162613582304,39.289005,37.0,2.2890052795410156,2.474005279541018
1909,2013-02-20,36.08,36.55,36.03,36.47,373552096.0,10285865,65536,0.6341203674397944,-13.155802468795875,36.986668,35.6,1.3866676330566392,1.5646676330566365
1915,2013-02-28,35.01,35.35,34.69,35.3,429774944.0,12262578,65536,3.031202306257419,37.477578119119634,35.940815,35.03,0.910814971923827,1.0859649719238291
1929,2013-03-20,33.86,34.24,33.5,34.16,359809696.0,10616737,65536,3.368975486119364,66.31184970587391,35.234276,34.19,1.044275817871096,1.2152258178710937
1933,2013-03-26,33.82,33.85,33.09,33.31,226781456.0,6811200,65536,-1.4561249091117778,13.688885676897993,33.714127,33.4,0.3141265869140639,0.4811265869140655
1940,2013-07-02,25.89,25.89,25.89,25.89,110793664.0,4279400,65536,0.3912674172735997,7.124357876360077,25.02863,24.7,0.32862930297851634,0.4521293029785163
1942,2013-07-04,23.25,23.72,22.89,23.42,1021956032.0,43844297,65536,0.8235662460353232,10.245338030903506,24.227285,24.2,0.027285385131836648,0.1482853851318353
1943,2013-07-05,23.1,24.2,23.01,23.64,829918080.0,35080378,65536,0.2191738899540052,-14.823918801501412,24.71628,22.84,1.876279983520508,1.9904799835205083
1944,2013-07-08,22.7,22.84,21.39,21.41,756174464.0,34271749,65536,-2.839436872712575,-11.386411988332588,22.317345,21.96,0.3573446655273429,0.4671446655273428
1945,2013-07-09,21.59,21.96,21.41,21.61,375995168.0,17330131,65536,-0.043907895101724666,-24.25603376611576,21.86734,21.98,-0.11265991210937543,-0.0027599121093757617
1946,2013-07-10,21.56,21.98,21.1,21.92,521556608.0,24238862,65536,2.8390831703403614,47.368638583397434,22.22144,23.6,-1.3785606384277358,-1.2605606384277372
1947,2013-07-11,22.41,23.6,22.2,23.36,933967872.0,40879896,65536,4.61406340627768,105.71323387078031,23.980822,23.29,0.6908216094970712,0.8072716094970716
1957,2013-07-25,21.68,22.07,21.4,21.69,297168064.0,13741046,65536,-0.509970433274809,-5.486225654223532,21.910862,21.9,0.010861968994142046,0.12036196899414264
1967,2013-08-08,21.33,21.5,21.31,21.4,191482592.0,8951510,65536,-0.1683752663749205,-27.310912262019194,22.048824,22.17,-0.12117568969726733,-0.010325689697268103
1975,2013-08-20,22.47,22.55,22.02,22.11,342328704.0,15371774,65536,-0.8132347958120123,0.8320835728830245,22.570402,22.39,0.18040214538574162,0.29235214538574184
1977,2013-08-22,22.1,22.23,21.84,21.89,246697888.0,11211980,65536,-0.20185481181155265,0.6012283732671264,22.474417,22.15,0.32441673278808736,0.4351667327880868
1979,2013-08-26,22.1,22.43,22.1,22.31,260575600.0,11674475,65536,2.129055108814004,2.0356218084344624,23.138504,22.99,0.14850402832031406,0.2634540283203144
1986,2013-09-04,24.81,25.0,24.34,24.55,592970112.0,24064214,65536,-0.1613930770864358,-2.2695854787108343,25.379013,24.1,1.279013061523436,1.399513061523436
1989,2013-09-09,24.17,24.46,23.82,24.43,476413792.0,19705481,65536,3.513050411828078,104.37606070871227,25.40891,24.24,1.168910751342775,1.2901107513427768
1992,2013-09-12,23.75,23.75,23.18,23.27,474106112.0,20283556,65536,0.9891698786494764,-13.025673178968356,24.067385,23.07,0.9973847198486325,1.112734719848632
1994,2013-09-16,23.01,23.36,22.94,23.01,308692800.0,13348797,65536,-0.4222749005584836,-4.867311771624672,23.74411,22.9,0.8441101074218764,0.958610107421876
2002,2013-09-30,21.88,22.21,21.88,22.17,148090064.0,6705562,65536,0.5874812628133164,-9.788340748554669,22.597523,22.26,0.33752273559570156,0.4488227355957015
2031,2013-11-15,19.48,19.82,19.47,19.73,185197680.0,9405413,65536,2.0060750705142016,50.74373469255713,20.451464,20.09,0.36146369934082045,0.46191369934081905
2034,2013-11-20,19.98,20.0,19.74,19.84,139559312.0,7040311,65536,0.5260845051737961,-8.08217764819723,20.467773,19.58,0.8877734375000017,0.9856734375000009
2035,2013-11-21,19.58,19.58,19.39,19.5,192576624.0,9900364,65536,-0.6128214116337127,21.323131789177594,20.023182,20.11,-0.0868180847167963,0.013731915283202056
2037,2013-11-25,19.65,19.8,19.47,19.51,174895200.0,8891226,65536,-0.3890807186108125,-11.807815062997761,20.202095,19.76,0.4420950317382797,0.5408950317382804
2038,2013-11-26,19.63,19.76,19.52,19.64,108220720.0,5516314,65536,-0.050656652558167536,-10.520671229851796,20.256493,19.63,0.6264926147460947,0.7246426147460951
2046,2013-12-06,19.42,19.49,19.33,19.45,116129304.0,5981760,65536,-0.6445993031358843,-14.920862636485598,19.93862,19.73,0.2086196136474605,0.30726961364745975
2054,2013-12-18,18.79,18.79,18.4,18.56,144008368.0,7765903,65536,0.03607228036224264,-17.46700569061176,19.061092,18.64,0.4210923767089838,0.5142923767089833
2059,2013-12-25,17.21,17.26,17.07,17.25,95589944.0,5570513,65536,0.7368076040642489,-3.495331318325812,17.80476,18.35,-0.5452400207519545,-0.45349002075195344
2062,2014-01-06,18.07,18.2,17.35,17.48,151016240.0,8496465,65536,-2.2760806362898345,10.902424942891042,17.838234,17.49,0.3482339477539078,0.4356839477539083
2063,2014-01-07,17.4,17.49,17.24,17.35,100878392.0,5815874,65536,-0.028588786048666662,-34.007787252816556,17.56422,17.29,0.2742204284667977,0.360670428466797
2070,2014-01-16,15.76,16.15,15.54,15.89,189455696.0,11948188,65536,0.13128468858367714,6.814427684756841,16.365143,15.730000000000002,0.6351428222656228,0.7137928222656225
2080,2014-01-30,16.45,16.7,16.25,16.49,134523920.0,8170391,65536,-1.1370063471258574,-13.122374482447851,16.956226,16.35,0.6062263488769517,0.6879763488769512
2083,2014-02-11,16.81,17.47,16.73,17.25,395204192.0,23105886,65536,0.7951383223154584,19.45942776199028,18.098995,17.45,0.6489952087402351,0.736245208740236
2086,2014-02-14,17.52,17.66,17.27,17.38,231216064.0,13289018,65536,0.7027702836086114,-30.280047278991205,18.21719,18.0,0.21718978881835938,0.30718978881835923
2089,2014-02-19,17.29,17.61,17.29,17.48,205885968.0,11777246,65536,1.1487706139044151,14.133089399241538,18.192886,17.49,0.7028863525390641,0.7903363525390645
2102,2014-03-10,17.9,17.9,17.03,17.28,418331616.0,23910812,65536,-3.254533380066049,11.127690506477547,17.742388,17.64,0.10238777160644474,0.19058777160644524
2117,2014-03-31,16.59,16.85,16.56,16.74,119495256.0,7149535,65536,-0.26301604119034483,-20.87231367635621,17.132866,16.84,0.2928659057617189,0.37706590576171806
2118,2014-04-01,16.56,16.84,16.5,16.76,92636256.0,5558836,65536,0.7832083119787558,-11.884932472960186,17.237501,16.91,0.32750114440917955,0.41205114440917967
2121,2014-04-04,16.76,16.85,16.57,16.81,106354224.0,6363556,65536,0.9450302769963947,-32.97659003507491,17.145573,17.28,-0.1344273376464855,-0.04802733764648437
2134,2014-04-24,16.34,16.7,16.32,16.58,117954608.0,7109309,65536,-0.19137273485309025,-5.662521056075188,17.023159,16.8,0.22315902709960866,0.3071590270996083
2142,2014-05-08,15.68,15.9,15.53,15.76,88992944.0,5662029,65536,-0.08515336964048936,8.350578950117548,16.163416,15.969999999999999,0.1934159088134777,0.2732659088134781
2144,2014-05-12,15.93,16.62,15.89,16.52,244184416.0,14912189,65536,2.1622280227376223,69.72475320059206,17.464914,16.55,0.9149143218994134,0.9976643218994141
2145,2014-05-13,16.51,16.55,16.19,16.25,120757320.0,7389687,65536,-0.23852663929727624,-22.234902104356213,16.68949,16.3,0.3894893646240227,0.4709893646240211
2149,2014-05-19,15.88,15.88,15.72,15.82,51934884.0,3286573,65536,-1.4357277662573664,1.5156486265406108,16.192305,15.980000000000002,0.21230461120605248,0.2922046112060528
2155,2014-05-27,15.84,15.9,15.75,15.78,60315316.0,3812938,65536,-0.4035287896919204,-9.23748268549579,16.203585,15.68,0.5235846710205081,0.6019846710205083
2167,2014-06-13,15.45,15.54,15.4,15.49,118011896.0,7630894,65536,1.060178971956094,37.71461956015598,16.205265,15.639999999999999,0.5652650451660168,0.6434650451660175
2175,2014-06-25,15.69,15.69,15.45,15.62,73814032.0,4738159,65536,-0.5338443319253039,-6.220082303821827,15.951364,15.68,0.27136356353759794,0.3497635635375982
2176,2014-06-26,15.55,15.68,15.54,15.55,88003728.0,5639080,65536,0.7363935932351184,17.748229840625918,16.1046,15.570000000000002,0.5346009063720683,0.612450906372068
2180,2014-07-02,15.76,15.96,15.71,15.88,98336848.0,6214916,65536,0.2915142107402957,11.931791287453274,16.450132,16.16,0.29013236999511705,0.37093236999511703
2185,2014-07-09,15.56,15.87,15.51,15.7,138949696.0,8852801,65536,-1.4565667035088659,22.226344252799255,16.203657,15.799999999999999,0.40365715026855575,0.4826571502685564
2188,2014-07-14,15.88,15.88,15.66,15.84,126622152.0,8031753,65536,1.1056745545877429,7.795756573837442,16.442999,15.719999999999999,0.7229988861083996,0.8015988861083994
2192,2014-07-18,15.8,15.99,15.73,15.82,261896256.0,16512090,65536,0.3277594143908047,10.125089548872834,16.800024,15.700000000000001,1.1000240325927724,1.1785240325927724
2193,2014-07-21,15.7,15.7,15.55,15.63,121076136.0,7753239,65536,0.09980869999168808,-17.26052583728984,16.211693,15.859999999999998,0.3516928100585961,0.430992810058596
2204,2014-12-02,19.76,20.03,19.32,19.59,1144527360.0,58457080,65536,3.69280199729769,-1.1004742743304874,21.445704,21.46,-0.01429649353027429,0.09300350646972433
2205,2014-12-03,19.1,21.46,18.99,20.83,1705814016.0,83729482,65536,1.4914806733380417,28.963044759242496,22.718117,21.29,1.428116760253907,1.534566760253906
2207,2014-12-05,21.0,21.0,19.48,20.15,1110601600.0,54700237,65536,0.6613300690965884,22.976888835007372,21.75457,21.0,0.7545700073242188,0.8595700073242192
2208,2014-12-08,19.8,21.0,19.6,20.42,932907712.0,46184375,65536,4.096157292440038,-7.700582794668643,21.943712,21.29,0.6537122344970712,0.76016223449707
2217,2014-12-19,19.69,20.12,19.48,20.1,687190400.0,34602556,65536,1.1129939956902923,15.518541134539387,20.871016,20.87,0.0010155487060536927,0.10536554870605386
2220,2014-12-24,19.66,19.95,19.3,19.48,371119808.0,19012214,65536,-2.843075923631256,-14.141574758296594,19.697905,19.76,-0.062095413208009376,0.03670458679199129
2225,2014-12-31,19.53,20.1,19.52,19.85,504352064.0,25448169,65536,2.2027157958670163,5.392766699614817,20.733816,21.51,-0.7761838531494156,-0.6686338531494158
2228,2015-01-07,21.9,23.69,21.9,23.69,2573750016.0,110581021,65536,0.07497816569899117,-23.938243526553336,25.759422,23.36,2.3994223022460943,2.5162223022460957
2231,2015-01-12,22.93,23.19,22.6,22.9,859749376.0,37521194,65536,-0.9343844453466807,-23.834179139017486,23.734886,23.78,-0.04511383056640739,0.07378616943359262
2235,2015-01-16,24.0,24.04,22.92,23.5,1661803008.0,70678253,65536,0.8609591245574588,18.867513930248663,25.174728,25.38,-0.2052716064453115,-0.07837160644531238
2236,2015-01-19,23.5,25.38,23.18,24.16,2175604992.0,88782985,65536,-7.702295641170242,16.56409850553633,25.87476,25.15,0.724759674072267,0.8505096740722671
2241,2015-01-26,28.31,29.13,27.68,28.6,1213296512.0,42597074,65536,1.0149143412296002,-14.421835227804134,29.77118,28.1,1.6711791992187486,1.811679199218748
2256,2015-02-16,24.54,24.63,24.15,24.49,397110976.0,16275271,65536,0.8545087223293281,-17.628242633741287,25.01122,24.67,0.34122093200683423,0.46457093200683275
2261,2015-03-02,25.89,26.6,25.89,26.2,741186304.0,28214823,65536,0.7957255292708298,11.396423960061707,27.33082,25.98,1.3508200836181636,1.4807200836181629
2265,2015-03-06,24.39,24.99,24.3,24.73,415777792.0,16859969,65536,-0.5096758324419248,-16.546801863952133,25.209326,24.5,0.7093257904052734,0.8318257904052722
2268,2015-03-11,24.0,24.21,23.6,23.83,401536416.0,16792530,65536,0.11475284112696382,-2.7384033359706415,24.50015,24.5,0.0001506805419921875,0.12265068054199091
2272,2015-03-17,24.95,25.34,24.7,25.26,1018319232.0,40658048,65536,1.388412891595836,34.92156194526712,26.337051,25.99,0.34705139160156406,0.47700139160156496
2276,2015-03-23,26.83,27.2,26.63,26.89,1196382080.0,44426380,65536,2.0420955820961373,-2.6623102815578337,28.27758,28.88,-0.6024197387695303,-0.4580197387695293
2279,2015-03-26,27.31,27.73,26.67,27.67,1120777216.0,41134680,65536,0.2433756893318151,-8.740857549925849,28.453194,28.5,-0.04680633544921875,0.0956936645507831
2280,2015-03-27,28.15,28.5,27.66,27.72,1359383040.0,48536478,65536,0.5493670886075996,-13.842646528297546,29.041456,27.5,1.5414562225341797,1.678956222534179
2284,2015-04-02,27.69,27.89,27.1,27.53,1168296832.0,42572972,65536,0.021339023739663787,2.9005345050986624,28.449654,27.49,0.9596536254882828,1.097103625488284
2286,2015-04-07,27.7,28.41,27.56,28.35,1870448896.0,66599489,65536,2.146005073683499,29.274131819544266,29.57722,28.33,1.2472209167480486,1.388870916748047
2297,2015-04-22,29.68,30.33,29.52,30.0,1789865984.0,59778928,65536,2.611946760882944,5.282074069809539,31.23412,31.0,0.23411941528320312,0.38911941528320426
2299,2015-04-24,29.98,30.57,29.58,30.02,1445451008.0,48142573,65536,-0.8068105355745425,-3.4734505082689267,30.87004,31.219999999999995,-0.3499591064453078,-0.19385910644530924
2301,2015-04-28,31.4,31.65,30.27,31.09,2311609600.0,74464057,65536,-1.3672130942946614,18.625290392341217,32.083347,34.2,-2.116652679443362,-1.9456526794433628
2315,2015-05-19,30.24,31.16,30.02,30.76,1015201088.0,33072390,65536,3.4114803044278386,16.94233603981603,31.670515,30.759999999999998,0.9105150604248067,1.064315060424807
2332,2015-06-11,30.95,31.5,30.75,31.2,1380274944.0,44320442,65536,-0.04746558274361101,-11.268835123240097,31.845022,31.150000000000002,0.6950222015380838,0.850772201538085
2333,2015-06-12,31.14,31.15,30.2,30.62,1203788800.0,39294426,65536,0.5376333954573376,9.632653037296812,31.257454,32.0,-0.7425460815429688,-0.5825460815429686
2339,2015-06-23,30.9,30.98,28.45,30.0,1749338240.0,59086796,65536,3.2141124206122482,1.9500439793112667,31.09219,31.400000000000002,-0.30781021118164276,-0.15081021118164273
2346,2015-07-02,22.61,23.1,20.28,20.28,994514368.0,46824980,65536,-3.4098123215973724,5.869707258971224,21.4836,21.08,0.40360061645507983,0.5090006164550793
2350,2015-07-08,15.91,16.3,15.91,15.91,771518912.0,48398770,65536,-6.745417515274954,-14.412727539040315,15.692756,17.5,-1.8072443008422852,-1.7197443008422866
2353,2015-07-13,19.89,21.18,19.3,21.18,1456323200.0,71259271,65536,2.5629724148679145,0.27768703736361644,22.13173,21.18,0.9517291259765628,1.0576291259765611
2357,2015-07-17,18.25,19.67,18.23,19.39,664415104.0,35147828,65536,3.8560449896931854,0.1742001201126664,19.97837,19.65,0.32837066650390767,0.42662066650390784
2358,2015-07-20,19.0,19.65,18.7,19.06,910794112.0,47647040,65536,0.21943875707575167,6.513402757248388,20.037989,19.82,0.21798866271972628,0.31708866271972624
2371,2015-08-06,18.0,18.31,17.81,18.11,216606000.0,11969295,65536,-0.9064108200367292,-26.538528566548038,18.30401,18.55,-0.24598960876464915,-0.15323960876465037
2376,2015-08-13,23.7,24.64,22.53,23.53,2824491264.0,119826609,65536,1.4772928167165802,-4.824378020513387,26.31469,23.3,3.014689636230468,3.1311896362304665
2382,2015-08-21,22.85,23.4,21.61,22.08,1871242752.0,81982475,65536,-4.570311980752095,2.7423734775417152,24.1459,23.5,0.6459007263183594,0.7634007263183591
2390,2015-09-02,17.11,17.85,16.55,17.03,632920320.0,36875277,65536,0.11153809546471384,-1.3247277705251026,17.714039,17.5,0.21403884887695312,0.3015388488769517
2398,2015-09-16,15.6,17.14,15.6,16.82,420659296.0,25816145,65536,4.98123550629237,11.253025577727024,17.572035,17.64,-0.06796516418457088,0.02023483581542962
2403,2015-10-08,18.0,18.3,17.78,18.03,498073632.0,27673202,65536,2.920120513901248,68.12991665702322,19.27874,19.83,-0.5512600708007795,-0.4521100708007779
2405,2015-10-12,19.45,21.0,19.36,20.02,1351684224.0,68013470,65536,3.220542974503916,78.0426352505981,22.288618,19.64,2.648618087768554,2.7468180877685526
2411,2015-10-20,19.5,19.74,19.2,19.72,423544224.0,21778531,65536,1.2314030411580523,-13.767200163786587,20.469814,20.24,0.22981430053711094,0.33101430053710956
2415,2015-10-26,19.03,19.19,18.7,18.95,485628288.0,25638631,65536,0.5045866421747203,3.002799200490092,19.822105,18.93,0.892105407714844,0.9867554077148455
2417,2015-10-28,18.71,19.51,18.65,19.16,725854336.0,37925086,65536,-1.8915187815902623,-10.975458529990243,19.978016,18.9,1.0780158996582045,1.1725158996582046
2420,2015-11-02,18.0,18.15,17.85,17.91,300945664.0,16719418,65536,-1.6445581311119173,-6.568363002394806,17.98894,18.13,-0.1410607147216787,-0.05041071472167857
2421,2015-11-03,17.99,18.13,17.83,18.06,271788896.0,15120038,65536,-0.3012117515736712,-22.00009772114655,18.318129,18.62,-0.3018714141845713,-0.20877141418457157
2429,2015-11-13,19.38,19.59,19.01,19.36,549867264.0,28457443,65536,-1.2931715902743446,-6.457620643474183,20.030329,20.57,-0.5396712493896487,-0.4368212493896486
2435,2015-11-23,19.5,19.89,19.36,19.45,527332288.0,26936805,65536,-0.5574425468553801,-6.057648936244697,20.089886,19.47,0.619885711669923,0.7172357116699217
2449,2015-12-11,19.96,21.27,19.6,20.83,870447808.0,42246544,65536,-0.41456440376695936,-8.229499285138688,21.685284,22.91,-1.2247163391113283,-1.110166339111327
2451,2015-12-15,22.5,23.01,21.97,22.63,1262697216.0,56337689,65536,-0.4561719280471666,-16.661761738236088,23.941353,23.19,0.75135284423828,0.8673028442382815
2452,2015-12-16,22.7,23.19,22.25,22.74,908927936.0,39961456,65536,-0.242259209233453,-11.969309238466174,23.914589,22.88,1.0345889282226572,1.148988928222657
2456,2015-12-22,22.2,22.33,21.64,21.83,757961280.0,34523677,65536,0.2785853966414509,-17.077088342726356,22.908762,21.78,1.128761978149413,1.2376619781494114
2457,2015-12-23,21.74,21.78,21.01,21.31,587823744.0,27518191,65536,-0.2669775816216191,14.815831166068214,22.174347,21.68,0.4943469238281253,0.6027469238281249
2459,2015-12-25,21.71,21.71,21.2,21.28,347683968.0,16257644,65536,0.22980101321354865,-18.723415160952715,22.110098,21.62,0.49009788513183494,0.5981978851318352
2462,2015-12-30,21.57,21.57,21.15,21.44,350786624.0,16429178,65536,0.08798815482724542,3.675103894757203,21.936747,21.45,0.4867465972900398,0.5939965972900403
2464,2016-01-04,20.92,21.46,19.0,19.68,490102016.0,23480153,65536,-7.020369874028409,13.24889257816817,19.714062,20.95,-1.2359382629394524,-1.1311882629394532
2468,2016-01-08,22.24,23.0,21.46,22.65,1459534592.0,64771676,65536,2.0392304470036704,321.65150835298044,24.880772,23.42,1.460771636962889,1.5778716369628896
2474,2016-01-18,17.49,18.35,17.3,17.94,263250688.0,14644114,65536,0.3847720065539573,-18.838730223907962,18.702763,18.35,0.3527626037597642,0.4445126037597653
2478,2016-01-22,18.6,18.66,18.01,18.37,278181376.0,15204367,65536,1.0420757135671144,-19.101265401905405,18.844969,18.75,0.09496879577636719,0.1887187957763672
2480,2016-01-26,18.95,19.26,17.91,18.8,520090080.0,27617774,65536,-6.020665475615939,55.67062305729695,18.867376,19.1,-0.23262367248535298,-0.13712367248535173
2484,2016-02-01,16.69,17.75,16.65,17.38,382167328.0,21976227,65536,-1.5288059767352702,-23.39622290809033,17.729486,17.9,-0.17051353454589702,-0.081013534545896
2485,2016-02-02,17.52,17.9,17.3,17.67,238179664.0,13479105,65536,2.0778683580082946,2.0814722983636624,18.625729,18.49,0.13572860717773594,0.22817860717773542
2491,2016-02-17,22.11,22.93,21.9,22.64,1466971136.0,65444997,65536,0.8653162289597782,13.956310023118482,23.962444,22.8,1.1624443054199212,1.276444305419922
2492,2016-02-18,22.63,22.8,22.03,22.21,1163716480.0,51888033,65536,-0.31403836360550663,-3.0322661715508787,23.568005,22.68,0.8880046081542972,1.0014046081542958
2494,2016-02-22,21.4,22.07,21.19,21.9,863263296.0,39815324,65536,2.2050872007288063,61.381012427899094,23.142677,23.4,-0.25732269287109233,-0.14032269287109145
2497,2016-02-25,24.62,25.8,23.5,23.92,1947207040.0,78670162,65536,-6.1359360679198005,41.193424918804496,26.066647,24.89,1.1766465759277338,1.3010965759277333
2499,2016-02-29,23.96,26.05,23.52,25.26,1643102976.0,65375098,65536,-2.3934627530927566,20.93627651922334,26.318785,27.28,-0.961215286254884,-0.8248152862548821
2504,2016-03-07,27.81,30.33,26.63,29.63,1940349824.0,69268567,65536,0.3539233780128104,-39.562665730734295,30.529947,29.93,0.5999472808837893,0.7495972808837905
2522,2016-03-31,26.0,26.59,25.72,26.29,778175744.0,29757021,65536,0.05627619485866209,3.1829219397290887,26.642334,27.3,-0.6576660156250007,-0.5211660156249991
2526,2016-04-07,26.81,27.46,26.45,27.25,870037440.0,32222517,65536,-1.4808766151040875,-6.478433758841418,27.66117,29.91,-2.2488309478759767,-2.0992809478759753
2529,2016-04-12,30.43,31.72,29.97,30.37,1701241600.0,55149690,65536,-0.3606699482988196,-25.830662285247737,31.99069,31.080000000000002,0.9106902313232403,1.0660902313232405
2536,2016-04-21,29.33,31.5,29.1,31.02,1369291520.0,45031282,65536,-0.6422448074994702,-35.42072974047903,31.679743,30.490000000000002,1.1897428131103496,1.3421928131103513
2538,2016-04-25,28.7,29.0,28.02,28.34,702522176.0,24642380,65536,-0.4053670981763125,-12.401826698944767,28.890087,28.86,0.030087127685547443,0.17438712768554865
2540,2016-04-27,28.4,29.6,28.02,29.55,918906624.0,31961223,65536,-0.4164622101435533,1.6662161470238468,30.015833,30.300000000000004,-0.2841670989990277,-0.13266709899902906
2542,2016-04-29,30.58,31.55,30.31,30.49,1375270016.0,44474345,65536,-0.12118028969365645,-16.946861529574786,31.911736,32.8,-0.8882644653320284,-0.7242644653320269
2544,2016-05-04,31.82,32.32,31.61,32.02,1010514560.0,31673050,65536,-0.1269627887003133,-7.4389438947256465,32.714005,32.97,-0.25599548339843636,-0.09114548339843509
2551,2016-05-13,30.01,31.8,29.65,31.48,1041272064.0,33656458,65536,-0.4918870989663815,-20.486030941935326,32.129673,32.97,-0.8403269958496082,-0.675476995849607
2553,2016-05-17,32.3,33.5,31.76,31.83,1255208448.0,38486939,65536,-0.3001314892530971,9.78151270622969,33.214596,32.59,0.624595794677731,0.7875457946777331
2566,2016-06-03,29.3,29.5,29.12,29.34,687848256.0,23490434,65536,0.7019039499857938,18.00899864141461,29.984224,31.86,-1.8757756805419916,-1.7164756805419898
2569,2016-06-08,30.87,31.48,30.87,31.23,808889472.0,25931372,65536,-0.41107316535781147,10.682781244293892,32.011845,34.2,-2.188155364990237,-2.017155364990238
2572,2016-06-15,34.05,36.66,33.01,35.93,1985223680.0,57660512,65536,1.3130774582409408,31.8557226562674,36.75094,38.73,-1.9790615844726531,-1.785411584472655
2585,2016-07-04,42.1,44.4,41.1,43.11,2436025344.0,56893834,65536,1.6010398833301576,85.80827246479096,43.908634,43.93,-0.02136581420898409,0.19828418579101736
2591,2016-07-12,47.5,48.66,46.75,47.75,2040965888.0,42834005,65536,2.180543372053445,24.54690394453207,48.810932,48.3,0.510932159423831,0.752432159423833
2599,2016-07-22,44.6,44.7,43.09,43.36,1423532544.0,32410504,65536,-0.8411939050336437,0.0282577169362197,43.95185,42.94,1.0118508911132835,1.226550891113284
2605,2016-08-01,46.8,47.5,46.01,46.43,1839587712.0,39250739,65536,-0.8464604407711795,-1.1827382904916917,47.11376,46.7,0.4137619018554659,0.6472619018554653
2606,2016-08-02,46.0,46.7,45.25,46.25,1467819904.0,31989293,65536,0.3852921641521068,-28.545815807840466,46.60791,47.49,-0.882089843750002,-0.6446398437499994
2609,2016-08-05,45.9,45.98,45.21,45.8,1134243200.0,24834022,65536,0.1193268963449068,5.022820887132795,46.168903,43.88,2.2889033508300756,2.508303350830076
2611,2016-08-09,41.81,42.2,41.51,42.03,1299477504.0,30986711,65536,0.7049700387733671,5.063922443813218,42.5901,44.82,-2.2299006652832034,-2.0058006652832034
2612,2016-08-10,42.63,44.82,42.51,44.5,2674248448.0,61441577,65536,-0.4187928694680321,-0.6971780533781781,44.709354,43.84,0.8693544006347622,1.088554400634763
2613,2016-08-11,43.38,43.84,42.94,43.18,1495244672.0,34522160,65536,-0.3077074867266494,11.733713757143448,44.118965,43.22,0.8989651489257824,1.1150651489257797
2625,2016-08-29,41.4,41.9,41.23,41.76,742115904.0,17860796,65536,0.020864264353259717,-5.5124738241210345,42.090515,42.37,-0.27948486328124744,-0.06763486328124912
2630,2016-09-05,43.25,43.56,42.46,42.84,1067646912.0,24890088,65536,0.16806925539585293,-5.434506602060597,44.02037,42.72,1.3003704833984386,1.5139704833984382
2644,2016-09-27,38.24,39.3,38.24,38.82,550033280.0,14169770,65536,0.6356590110176752,-17.020956596009672,39.091446,38.5,0.5914459228515625,0.7839459228515651
2658,2016-10-24,38.45,38.56,37.77,38.54,825944128.0,21630063,65536,1.197208916561987,39.376144006910366,38.85484,39.84,-0.9851606750488315,-0.7859606750488339
2662,2016-10-28,39.5,40.44,39.4,39.59,721517312.0,18082035,65536,-0.16648235047971305,19.97100058842056,40.544567,41.22,-0.675432891845702,-0.4693328918457027
2667,2016-11-04,43.77,43.77,42.5,42.6,1734858624.0,40250391,65536,-0.3242122029788241,-17.551286644680694,43.97417,42.35,1.6241706848144517,1.8359206848144538
2668,2016-11-07,41.79,42.35,41.58,42.07,1293728640.0,30880520,65536,0.07214899662211227,-4.0277514132241565,42.694157,41.93,0.7641566467285159,0.9738066467285194
2675,2016-11-16,40.67,40.97,40.25,40.7,1233259904.0,30373790,65536,-0.008163574712738429,-3.535661077749619,41.077698,40.89,0.18769775390624943,0.3921477539062508
2676,2016-11-17,40.6,40.89,40.38,40.54,974602240.0,23990472,65536,0.2023565499083002,-6.35303489460718,40.908546,40.03,0.8785464477539051,1.0786964477539058
2679,2016-11-22,39.66,39.84,39.32,39.45,1100112256.0,27850257,65536,0.7918956383260012,15.084500323007832,39.670994,39.71,-0.03900619506836023,0.1595438049316371
2680,2016-11-23,39.43,39.71,39.1,39.65,1221875584.0,30981889,65536,0.183660289012666,-3.640408587419941,39.756214,38.99,0.7662141418457011,0.9611641418456998
2698,2016-12-19,36.54,36.59,35.98,36.4,893603520.0,24621069,65536,-0.5095590894283686,-10.06301463407132,36.9839,36.33,0.6538981628417986,0.8355481628417962
2709,2017-01-04,36.81,37.04,36.5,36.91,677449152.0,18402142,65536,0.7803173330381163,4.023351797761143,37.523705,38.2,-0.6762954711914091,-0.4852954711914066
2716,2017-01-13,37.35,37.35,36.43,36.56,705028288.0,19117195,65536,0.06902538566804227,3.6207352527817926,37.383915,37.2,0.18391494750976278,0.3699149475097627
2723,2017-01-24,38.24,38.24,37.63,37.66,571230912.0,15092479,65536,0.010998549380514257,-12.39224729225418,38.533554,37.41,1.123554077148441,1.3106040771484402
2730,2017-02-09,38.67,38.78,38.29,38.48,853740416.0,22173858,65536,0.3842413745200668,29.383010693795924,39.26719,37.97,1.2971890258789074,1.4870390258789072
2732,2017-02-13,37.81,38.07,37.68,37.88,674042112.0,17825151,65536,0.6673521820775852,-2.9281889640613508,38.505733,37.77,0.7357334899902312,0.9245834899902334
2738,2017-02-21,36.88,37.24,36.56,37.22,625406400.0,16954145,65536,0.3292629177361395,-13.41099722321375,37.74087,37.38,0.3608714294433568,0.5477714294433582
2739,2017-02-22,37.18,37.38,36.87,37.0,539885568.0,14553993,65536,0.19926381495454226,-10.471790858343487,37.7662,37.25,0.5162010192871094,0.7024510192871105
2741,2017-02-24,37.6,37.6,37.11,37.51,926646976.0,24785728,65536,0.01525917565901036,-4.019835772526471,38.279957,37.99,0.28995681762695114,0.4799068176269543
2748,2017-03-07,35.53,35.81,35.4,35.75,502148640.0,14091276,65536,0.2170330308024493,-3.2937678451518067,36.336353,35.68,0.6563533020019534,0.8347533020019569
2749,2017-03-08,35.52,35.68,35.42,35.51,469600704.0,13228784,65536,-0.15142039861492096,-0.9298968117396832,36.11198,35.4,0.7119804382324233,0.8889804382324229
2756,2017-03-17,36.34,36.52,35.92,36.02,635487680.0,17547422,65536,-1.0254171322213734,-2.4247701671620048,36.619183,36.42,0.19918258666992017,0.38128258666991854
2759,2017-03-22,36.0,36.35,35.83,35.99,791113152.0,21941447,65536,-0.4702352618748739,19.642526886559946,36.71219,36.8,-0.08781127929687216,0.09618872070312534
2760,2017-03-23,36.0,36.8,35.52,36.51,1242783360.0,34203832,65536,0.3457920899696987,-10.118398571989108,37.301846,36.21,1.0918455505371085,1.2728955505371076
2764,2017-03-29,37.5,37.5,36.47,36.56,1443080448.0,39097477,65536,-0.13314850092656094,24.534628139830946,37.726303,36.74,0.9863031005859355,1.1700031005859373
2767,2017-04-05,35.78,36.2,35.61,36.12,563811904.0,15682069,65536,1.3842392326499864,56.58762369892838,36.598625,34.49,2.1086251831054668,2.2810751831054645
2768,2017-05-18,32.71,34.49,32.51,32.51,1737527168.0,52479761,65536,-0.3478036463663847,-14.01412799966777,33.410114,31.580000000000002,1.8301142883300763,1.9880142883300778
2773,2017-05-25,27.5,27.77,27.03,27.67,508402112.0,18518913,65536,1.7957636449124736,56.45324418067199,27.963812,28.76,-0.7961881256103531,-0.6523881256103543
2778,2017-06-05,28.4,29.78,28.3,29.42,872716160.0,30037071,65536,-0.5093919134033786,-3.5441254724772,29.63398,29.76,-0.1260202026367203,0.022779797363281062
2789,2017-06-20,28.65,29.05,28.59,28.93,363857696.0,12620917,65536,-0.20204464680176887,0.8927863718826812,29.552237,29.0,0.5522365570068359,0.6972365570068355
2797,2017-06-30,28.85,29.2,28.74,28.93,334484000.0,11561461,65536,-0.05533099107889461,-4.766320746500929,29.5955,28.94,0.6555009460449206,0.8002009460449209
2811,2017-07-20,32.0,32.1,31.7,31.84,859860352.0,27011572,65536,0.4860915610966021,-21.957602982109815,32.76647,32.48,0.2864718627929719,0.44887186279297
2819,2017-08-01,31.97,32.8,31.36,32.29,1137964544.0,35433432,65536,0.8697466739078674,2.7740528590231017,33.23681,32.68,0.556808776855469,0.7202087768554719
2821,2017-08-03,31.63,32.08,31.52,31.72,539164736.0,16986690,65536,-0.8779930069000352,-15.171470050013466,32.260506,33.49,-1.2294943237304707,-1.0620443237304684
2822,2017-08-04,31.8,33.49,31.76,33.16,1674927360.0,51201608,65536,-0.5432114661881093,7.742600500743246,33.860016,32.64,1.2200158691406244,1.3832158691406278
2833,2017-08-21,32.89,33.15,32.6,33.09,565841600.0,17230081,65536,0.4381596221947115,3.884943829440469,33.572445,33.17,0.40244491577148267,0.5682949157714816
2843,2017-09-04,33.97,34.46,33.48,34.44,1504009856.0,44233472,65536,0.3936781759229735,-5.722942264656961,35.328945,34.26,1.0689451599121114,1.2402451599121136
2846,2017-09-07,33.48,33.78,33.25,33.41,616872384.0,18448229,65536,-0.5086440920131441,-5.718885106668803,33.990417,34.4,-0.4095825195312486,-0.23758251953125153
2850,2017-09-13,32.86,32.97,32.58,32.75,444362048.0,13574864,65536,0.12194073367675085,-33.82992935125249,33.319912,32.57,0.7499119567871091,0.9127619567871079
2851,2017-09-14,32.5,32.57,32.22,32.56,391232032.0,12071076,65536,-0.3292033279463702,20.90727793508877,32.87508,32.84,0.035080108642574714,0.19928010864257573
2852,2017-09-15,32.8,32.84,32.55,32.68,332956608.0,10190384,65536,0.03498731057243186,6.127349015720829,33.232742,32.46,0.7727423095703116,0.9350423095703135
2853,2017-09-18,32.4,32.46,32.16,32.37,367245984.0,11371924,65536,0.3090334873280476,-3.669615999594078,32.847054,32.37,0.4770535278320338,0.638903527832035
2854,2017-09-19,32.37,32.37,31.93,32.14,432460352.0,13466878,65536,-0.2867446931415496,-4.664811765489473,32.597958,32.54,0.05795761108398523,0.22065761108398618
2860,2017-09-27,31.38,31.55,31.2,31.38,229541248.0,7319796,65536,0.010992519851948934,4.6249315082983244,31.912785,31.400000000000002,0.5127845764160135,0.6697845764160135
2861,2017-09-28,31.0,31.4,31.0,31.19,277682240.0,8908979,65536,0.03506751805715247,9.209250263242508,31.590014,31.45,0.14001350402832102,0.29726350402832225
2868,2017-10-16,31.09,31.17,30.2,30.58,561129856.0,18309399,65536,-0.19255292017342773,34.62641327465441,31.239536,30.300000000000004,0.9395362854003864,1.091036285400385
2874,2017-10-24,29.9,30.47,29.85,30.31,258059280.0,8534278,65536,0.7275872595909227,14.202831000265315,30.87148,30.469999999999995,0.4014809417724656,0.5538309417724641
2879,2017-10-31,29.33,29.65,29.28,29.51,152312336.0,5163636,65536,-0.07481819179394611,-30.6306361372058,30.000002,29.66,0.34000190734863267,0.48830190734863166
2881,2017-11-02,29.63,30.38,29.54,30.17,438084544.0,14542859,65536,0.012760782861520605,-3.3099890520726603,30.973946,30.300000000000004,0.673945617675777,0.8254456176757756
2885,2017-11-08,30.19,30.3,29.9,30.2,272225728.0,9042530,65536,-0.15391256089288818,-0.8473391241825999,30.655943,30.349999999999998,0.3059429168701193,0.45769291687011915
2888,2017-11-13,29.69,29.77,29.18,29.42,393747168.0,13379788,65536,0.393004710706224,6.789829707849537,30.025877,29.529999999999998,0.4958769989013696,0.6435269989013683
2889,2017-11-14,29.31,29.53,29.21,29.42,200988512.0,6830338,65536,-0.6957246364523662,-5.420649109381727,29.780329,30.67,-0.8896712493896501,-0.7363212493896505
2893,2017-11-20,31.31,31.67,30.6,30.83,606854656.0,19521985,65536,0.5576519407403779,-28.33230472018384,31.877666,31.009999999999998,0.8676664733886739,1.022716473388673
2894,2017-11-21,30.43,31.01,30.1,30.99,489917184.0,16107250,65536,1.7826503500384838,31.214564498623897,31.535938,31.599999999999998,-0.06406173706054474,0.09393826293945651
2897,2017-11-24,31.15,31.44,30.71,31.16,450692544.0,14463106,65536,0.04387675507020461,-26.545003551781345,31.924814,31.27,0.6548142242431645,0.8111642242431643
2898,2017-11-27,31.0,31.27,30.31,31.23,505375456.0,16385132,65536,-1.321816675600607,9.626636620875573,31.528008,31.650000000000002,-0.12199249267578338,0.03625750732421551
2899,2017-11-28,31.03,31.65,31.03,31.12,407603552.0,13038785,65536,0.14494006098841886,-28.85719958363606,31.98207,31.45,0.5320709228515632,0.6893209228515644
2905,2017-12-06,29.65,30.2,29.31,29.79,399078400.0,13404665,65536,-0.6026974112475436,-29.07503481992221,30.349913,30.82,-0.4700873565673831,-0.3159873565673834
2910,2017-12-13,29.82,30.06,29.72,29.97,279371712.0,9333206,65536,0.8483523488428846,-8.053936745872758,30.5811,30.740000000000002,-0.1588995361328145,-0.005199536132813876
2911,2017-12-14,30.3,30.74,30.21,30.24,570126912.0,18716783,65536,-0.5910979756005408,4.155888834737609,31.036781,30.849999999999998,0.18678131103515838,0.3410313110351595
2912,2017-12-15,30.07,30.85,30.0,30.77,591325184.0,19382752,65536,-1.1248959924493596,10.245937351451119,31.209267,30.960000000000004,0.24926666259765184,0.40406666259765345
2922,2017-12-29,31.04,31.35,30.77,31.18,536983488.0,17271920,65536,0.29759386896912604,-23.66755521710514,32.08451,31.66,0.4245108032226561,0.5828108032226567
2926,2018-01-05,31.82,32.37,31.62,31.96,876950912.0,27422165,65536,0.24074733397758674,10.751947429102524,32.932377,32.65,0.28237686157226705,0.44562686157226494
2939,2018-01-24,32.88,33.08,32.46,32.87,642413888.0,19632813,65536,0.16611106167330192,8.892613442618824,33.584423,34.2,-0.615576934814456,-0.4445769348144566
2942,2018-01-29,32.9,33.29,32.15,32.38,806461888.0,24610824,65536,-1.8095085933398705,7.827869595461777,32.96753,32.18,0.7875292968750003,0.9484292968749983
2970,2018-03-15,27.23,27.23,26.68,26.73,345521216.0,12855332,65536,0.5602282156657701,-10.960387193617382,27.636179,27.05,0.5861789703369134,0.7214289703369126
2977,2018-03-26,29.6,30.99,28.82,29.01,2014074752.0,67655211,65536,-0.6414951318074125,-36.06239398037041,30.951813,30.550000000000004,0.40181274414062074,0.5545627441406218
2979,2018-03-28,29.44,30.5,29.23,29.51,1287918976.0,43124036,65536,-1.8028400800353728,-10.735027857477519,30.667393,29.330000000000002,1.3373927307128888,1.4840427307128898
2981,2018-03-30,28.64,29.1,28.53,29.04,653592768.0,22646882,65536,0.11427690964420645,-16.391107856424053,29.47036,31.0,-1.5296401977539062,-1.3746401977539051
2994,2018-04-20,30.84,31.33,30.61,30.67,684805696.0,22147434,65536,-1.3376741940899994,0.2310506000460677,31.149452,30.029999999999998,1.1194522094726587,1.2696022094726587
2995,2018-04-23,29.87,30.03,28.26,28.46,963846144.0,33031505,65536,0.14571174069690773,-8.99110698037956,29.24869,28.43,0.8186896514892581,0.960839651489259
2997,2018-04-25,28.45,28.75,28.19,28.24,508146688.0,17871212,65536,-0.3848065169936743,-31.559326656278767,28.790361,28.65,0.14036140441894673,0.2836114044189486
3013,2018-05-21,27.02,27.4,26.9,27.24,430850400.0,15841310,65536,0.4657883814237929,27.581173238929434,27.940813,27.44,0.500813064575194,0.638013064575194
3015,2018-05-23,27.42,27.47,27.06,27.14,277248992.0,10168762,65536,-1.321741534633314,11.083556376620574,27.559538,27.4,0.1595378875732436,0.29653788757324406
3017,2018-05-25,27.79,27.83,27.47,27.56,419649696.0,15177911,65536,-0.2800988707207797,3.6452749989604127,28.302322,27.25,1.0523223876953125,1.188572387695313
3022,2018-06-01,28.3,28.48,27.82,28.0,573817408.0,20355771,65536,-0.8360553127251924,-16.019832282281953,28.859518,27.67,1.1895180511474592,1.3278680511474583
3031,2018-06-14,27.83,28.23,27.7,28.17,466518560.0,16644214,65536,-0.39515988533236346,3.1536848746654966,28.744656,28.19,0.5546556091308581,0.6956056091308582
3042,2018-07-02,23.88,24.04,23.2,23.33,288630816.0,12212705,65536,-2.934223493155752,9.182876830977358,23.441957,23.47,-0.02804252624511605,0.08930747375488579
3043,2018-07-03,23.1,23.47,22.95,23.44,208617088.0,8986701,65536,0.038732848977107714,12.954423580797059,23.588476,25.3,-1.7115238189697273,-1.5850238189697272
3050,2018-07-12,23.32,24.16,23.24,24.09,379858048.0,16001944,65536,2.157868015835507,33.748325084552604,24.767849,24.04,0.7278489685058602,0.8480489685058608
3052,2018-07-16,23.86,23.97,23.65,23.85,162211536.0,6811138,65536,-0.5898032748397286,-6.406470473524573,24.364328,23.85,0.5143283843994126,0.6335783843994136
3053,2018-07-17,23.52,23.85,23.51,23.84,127012144.0,5353577,65536,-0.6540729070963036,-9.22486613199476,24.273909,23.87,0.4039086151123037,0.5232586151123044
3055,2018-07-19,23.57,23.76,23.16,23.21,239296304.0,10221902,65536,-0.08684704428616463,2.9270649942665155,23.87712,23.61,0.26711906433105526,0.38516906433105547
3059,2018-07-25,24.13,24.64,24.09,24.51,496725248.0,20404825,65536,-0.1105617149350424,-38.335989113928406,25.275461,24.59,0.6854611968994142,0.8084111968994137
3060,2018-07-26,24.57,24.59,24.11,24.25,297191328.0,12229687,65536,-1.1599468939976207,-6.623562719310838,24.933565,24.1,0.8335651397705064,0.9540651397705062
3067,2018-08-06,22.42,22.57,21.37,21.6,282536576.0,12869687,65536,-1.2671629545619179,10.139104941161973,21.967476,22.06,-0.09252410888671747,0.01777589111328126
3071,2018-08-10,22.34,22.67,22.31,22.39,156724336.0,6983422,65536,0.2204542711911284,-25.00095696306553,22.999779,23.15,-0.15022125244140483,-0.034471252441406364
3087,2018-09-03,22.27,22.4,22.05,22.31,128488136.0,5785957,65536,-0.3802669065826936,-12.828153247994932,22.808155,22.42,0.3881550598144514,0.5002550598144531
3089,2018-09-05,22.24,22.45,22.1,22.15,119768872.0,5378929,65536,-1.954873807188096,-4.154074464314139,22.554054,22.94,-0.38594573974609503,-0.2712457397460959
3106,2018-10-08,23.54,24.44,23.43,23.8,478115872.0,19828450,65536,-4.302866930125293,16.012790148152312,24.214104,25.38,-1.1658963012695303,-1.0389963012695311
3107,2018-10-09,23.4,25.38,23.3,24.93,780824448.0,31647462,65536,-0.06715488164331651,-31.83781477199648,25.837162,26.27,-0.43283798217773395,-0.30148798217773276
3108,2018-10-10,24.76,26.27,24.56,26.1,839432064.0,32556625,65536,-0.2155873615330206,-3.3428305691354465,27.06035,27.01,0.05035041809081875,0.18540041809081842
3109,2018-10-11,26.2,27.01,25.36,25.79,1035294720.0,39686822,65536,-4.7991833252072125,87.52680840728522,26.899664,26.99,-0.0903360748291,0.044613925170899904
3113,2018-10-17,25.24,25.99,25.2,25.55,440974496.0,17245410,65536,0.5572449910834498,11.539671924986461,26.12555,25.56,0.5655493164062513,0.6933493164062519
3114,2018-10-18,25.49,25.56,24.45,24.54,423993920.0,17079555,65536,-2.3686362543093087,-3.98917773329871,24.98106,25.58,-0.5989399719238264,-0.4710399719238261
3124,2018-11-01,26.01,27.5,25.93,27.4,685480320.0,25695726,65536,0.7359329321267483,19.284610011082435,27.912449,27.5,0.4124488830566406,0.5499488830566399
3136,2018-11-19,26.18,26.25,25.65,25.8,346358848.0,13386942,65536,1.1336323200324072,-8.606961231339039,26.540575,26.97,-0.42942497253417855,-0.2945749725341784
3137,2018-11-20,25.8,26.97,25.8,26.7,792423552.0,29993161,65536,-2.3125720876585936,-5.687853286826849,27.168156,26.74,0.4281556701660172,0.5618556701660182
3148,2018-12-05,28.28,28.56,27.8,28.07,755090560.0,26783555,65536,-0.4807648169513179,-4.1075179727607996,29.120436,28.86,0.26043571472168026,0.40473571472168146
3156,2018-12-17,28.5,28.99,28.02,28.85,430709696.0,15028192,65536,-0.14877239087656147,-21.119785293812367,29.126133,29.93,-0.8038670349121091,-0.6542170349121079
3168,2019-01-04,31.37,32.0,30.71,31.04,664308160.0,21253255,65536,2.3957447956719284,45.79257176633846,32.487858,31.16,1.3278578186035155,1.4836578186035148
3173,2019-01-11,30.1,30.83,30.08,30.45,479337312.0,15747884,65536,0.7189140459987975,-15.814535354473055,31.60041,30.7,0.900410461425782,1.053910461425783
3175,2019-01-15,30.3,30.56,30.12,30.4,371188288.0,12245709,65536,1.9626570353806103,34.2569221826746,31.194777,30.399999999999995,0.7947765350341847,0.9467765350341857
3177,2019-01-17,29.8,30.07,29.35,29.8,419842208.0,14116842,65536,-0.5507167628210241,-0.04920566510668856,30.049217,29.75,0.29921722412109375,0.44796722412109347
3179,2019-01-21,28.95,29.64,28.91,29.47,427151968.0,14576001,65536,0.5514224299832282,-9.66568047115307,29.897945,30.219999999999995,-0.32205459594726094,-0.17095459594726137
3190,2019-02-12,30.55,31.38,30.32,31.38,667001280.0,21614167,65536,0.7219179366514838,23.69398810752252,31.940414,31.669999999999998,0.27041442871093935,0.428764428710938
3196,2019-02-20,33.6,34.15,33.16,33.35,985814400.0,29278417,65536,0.35818014251614017,-17.697567649689784,34.7224,34.32,0.40240066528320284,0.5740006652832008
3202,2019-02-28,32.39,32.75,31.81,32.6,1089956992.0,33806853,65536,-0.2452159776423879,-35.43432151078044,33.26998,32.6,0.6699813842773423,0.832981384277339
3203,2019-03-01,32.17,32.6,32.05,32.43,723007872.0,22366010,65536,2.1894766676568533,10.768226995238669,33.390385,32.97,0.42038467407226676,0.585234674072268
3212,2019-03-14,32.25,32.29,30.86,30.94,895342336.0,28457537,65536,-0.6900829442106904,-18.343289388417727,31.585848,30.79,0.7958478546142587,0.9497978546142605
3214,2019-03-18,30.4,30.98,30.17,30.97,676396672.0,22105237,65536,2.8501926563613944,23.83537872945741,31.410093,31.559999999999995,-0.14990669250487798,0.007893307495123736
3218,2019-03-22,31.87,32.14,31.62,32.0,602505984.0,18890457,65536,-0.08053397413008145,-12.711159694057839,32.666336,32.89,-0.22366394042968807,-0.05921394042968586
3219,2019-03-25,32.59,32.89,32.21,32.42,895534784.0,27566746,65536,-2.3728415671135705,15.890414230132999,33.05712,33.18,-0.12287872314453097,0.04302127685546964
3232,2019-04-12,30.28,30.46,30.0,30.19,630857344.0,20889962,65536,-0.22413560203923266,-19.631821045984946,30.654116,30.48,0.1741156768798824,0.3265156768798825
3238,2019-04-22,29.89,30.66,29.81,30.45,864245888.0,28508788,65536,-2.3054838968016744,25.570382315954827,30.772905,30.240000000000002,0.5329053497314433,0.6841053497314427
3239,2019-04-23,30.18,30.24,29.63,29.71,559511872.0,18738948,65536,-0.16395030815204992,-17.819607951244908,30.381252,29.63,0.7512522888183604,0.8994022888183615
3240,2019-04-24,29.5,29.63,29.02,29.5,416150112.0,14204615,65536,0.2756897843001038,-6.4988418283592475,29.865864,29.76,0.10586380004882656,0.25466380004882794
3245,2019-05-06,29.96,30.27,28.8,29.42,1093889280.0,36746873,65536,-5.841495856343004,69.8934409338674,29.877201,29.67,0.20720108032226392,0.35555108032226457
3250,2019-05-13,30.61,31.16,30.38,30.84,859809856.0,27881070,65536,-1.6544920854052458,-30.142450959399728,31.484894,32.19,-0.7051062011718727,-0.544156201171873
3261,2019-05-28,29.6,29.99,29.5,29.95,460653920.0,15460488,65536,0.9639282964918116,8.320588558002084,30.47517,30.469999999999995,0.005170135498051565,0.15752013549805
3266,2019-06-04,32.8,33.53,32.43,32.67,1264780544.0,38316950,65536,-0.9234556072257648,-13.528252384406445,34.043552,33.5,0.5435523986816406,0.7110523986816375
3269,2019-06-10,32.85,33.3,32.44,32.8,735399296.0,22353305,65536,1.2921215929620589,7.997551581671767,33.703102,33.13,0.5731021118164037,0.7387521118164031
3278,2019-06-21,37.94,40.67,37.5,39.3,2327009024.0,59281031,65536,0.1415690658531199,-9.022757717908746,40.515663,41.11,-0.5943368530273432,-0.38878685302734084
3280,2019-06-25,41.9,44.5,41.6,44.5,3326623488.0,76767414,65536,-1.0402809487487177,23.97100649459421,45.07555,42.96,2.1155500793457023,2.330350079345699
3283,2019-06-28,41.75,42.85,41.01,41.17,2174042624.0,51860402,65536,-0.2406892631205637,-19.51284623799847,42.511795,39.88,2.63179504394531,2.831195043945307
3286,2019-07-03,44.0,44.1,42.33,42.47,2425349120.0,56333687,65536,-1.1084103556615488,-15.069290290923275,43.92955,43.17,0.7595501708984358,0.975400170898439
3307,2019-08-01,40.01,40.68,39.82,40.1,1404455168.0,34899138,65536,-0.8314734470818985,2.38952818131406,40.759834,41.96,-1.2001657104492196,-0.9903657104492183
3308,2019-08-02,41.96,41.96,40.8,40.95,1363541248.0,33017046,65536,-1.4731284853041982,28.796235069996513,41.87365,45.05,-3.1763504028320284,-2.951100402832026
3309,2019-08-05,41.88,45.05,41.83,45.05,2803051520.0,63932039,65536,-1.914640394509315,-6.470538569501116,45.082214,47.15,-2.0677856445312486,-1.8320356445312456
3315,2019-08-13,47.51,50.5,47.22,49.96,2619497472.0,54014761,65536,-0.9015706523208378,-6.8013476496294185,50.125347,49.21,0.915347137451171,1.1613971374511678
3327,2019-08-29,39.1,40.48,38.94,40.4,2280051968.0,57363735,65536,-0.3258314092011161,-5.259022306184646,39.977634,40.7,-0.7223655700683622,-0.518865570068364
3335,2019-09-10,37.4,37.68,37.02,37.49,2050461952.0,54903708,65536,-0.3443285216275016,-10.844216795023033,37.935143,37.88,0.05514251708984119,0.24454251708984032
3336,2019-09-11,37.2,37.88,37.1,37.65,2003652096.0,53452920,65536,-0.7367519770058673,0.5389963400088016,38.129173,37.46,0.6691732788085929,0.8564732788085934
3347,2019-09-27,33.84,34.92,32.8,34.05,1705579904.0,50129989,65536,0.2996506245541708,-27.940436911414924,34.525356,34.51,0.015356292724611365,0.18790629272461246
3351,2019-10-10,35.3,35.58,34.78,35.18,1104385664.0,31432957,65536,0.8170189735743794,4.440318593045589,35.958412,34.78,1.1784121704101551,1.3523121704101584
3368,2019-11-04,32.0,32.42,31.88,32.38,711332096.0,22057665,65536,0.6509985097624461,3.480242827830149,32.945553,32.15,0.7955528259277358,0.956302825927736
3370,2019-11-06,30.86,31.1,30.55,30.74,1144784000.0,37198636,65536,-0.4479353254338792,-13.81513442163924,31.352198,30.92,0.43219764709472486,0.5867976470947234
3373,2019-11-11,29.95,29.96,29.51,29.62,765087232.0,25759457,65536,-1.7626434365883847,-3.0392542045498128,30.08773,29.640000000000004,0.44773040771483963,0.5959304077148389
3382,2019-11-22,30.05,31.23,29.89,31.1,1640030976.0,53395294,65536,-1.0180995475113086,31.69670254844539,31.741362,31.009999999999998,0.7313616180419942,0.8864116180419934
3383,2019-11-25,30.55,31.01,30.2,30.28,1116113024.0,36522149,65536,0.7327272727272627,16.501773416300036,31.248848,30.649999999999995,0.5988479614257862,0.7520979614257861
3385,2019-11-27,30.45,30.67,30.19,30.48,640457856.0,21045724,65536,-0.411907545642598,-31.45468518319889,30.978374,30.66,0.31837448120117173,0.4716744812011733
3386,2019-11-28,30.48,30.66,30.26,30.34,569375040.0,18698047,65536,-0.3436869455725744,-14.661932416377056,30.961021,30.5,0.46102142333984375,0.6135214233398436
3392,2019-12-06,31.61,32.11,31.31,31.67,1256774912.0,39719400,65536,0.5936546234430295,-11.681265179681532,32.90279,31.150000000000002,1.752790069580076,1.9085400695800772
3405,2019-12-25,32.3,32.47,31.8,31.94,1581001088.0,49268549,65536,-0.05234212213496292,-1.0940363038302925,32.935837,32.19,0.7458367919921898,0.9067867919921895
3407,2019-12-27,32.18,33.25,32.16,32.31,2113914112.0,64847574,65536,-0.09836090005189704,38.64185531152491,33.446987,32.91,0.5369871520996128,0.7015371520996112
3408,2019-12-30,32.5,32.91,31.85,32.12,1496522112.0,46491171,65536,1.4818387729579332,3.34273966138372,33.17411,32.79,0.3841104125976571,0.5480604125976569
3419,2020-01-15,34.43,34.78,34.08,34.46,1434453888.0,41608503,65536,-0.5527591416481292,-19.090239346911474,34.88721,34.7,0.18721084594726278,0.3607108459472599
3421,2020-01-17,33.81,34.48,33.78,34.28,1098067712.0,32216473,65536,0.1400323930355052,-1.5378440833384688,34.535828,34.45,0.08582763671874716,0.2580776367187454
3423,2020-01-21,34.55,34.99,34.41,34.63,1522976128.0,43852311,65536,-1.708621707044944,6.6321514355458975,34.90821,33.93,0.9782107543945315,1.1478607543945287
3424,2020-01-22,33.8,33.93,32.75,33.16,1580272896.0,47523316,65536,0.4282613609572383,-2.8873178432803464,33.70718,33.5,0.20718002319335938,0.37468002319335625
3428,2020-02-05,30.5,32.69,30.5,32.28,2012307840.0,63329511,65536,1.1329656280047784,-18.233626506291717,32.84874,32.48,0.3687396240234406,0.5311396240234387
3432,2020-02-11,32.62,33.11,32.51,32.58,1256881792.0,38419919,65536,0.9307943544577312,-3.3457290000983733,33.452873,32.77,0.6828732299804656,0.8467232299804692
3434,2020-02-13,32.67,33.76,32.53,33.75,2390640128.0,71917180,65536,-0.6151444497707215,14.435700151055574,34.28802,33.88,0.4080210876464818,0.5774210876464849
3435,2020-02-14,33.5,33.88,33.21,33.4,1636315520.0,48877703,65536,0.7022869148871624,-1.2151845545852802,34.396885,34.03,0.3668849182128895,0.5370349182128891
3449,2020-03-05,34.8,35.53,34.64,35.51,1499323776.0,42662269,65536,2.2279194663491264,27.078776545263356,35.99211,37.0,-1.0078887939453125,-0.8228887939453102
3450,2020-03-06,36.3,37.0,36.03,36.51,2873866240.0,78574990,65536,-1.6216871536799182,-25.60029356865471,37.13537,37.32,-0.18463165283203153,0.0019683471679670106
3455,2020-03-13,30.37,32.4,30.36,32.03,2025054080.0,64903792,65536,-1.4072707300343492,19.888051007720865,31.951416,32.86,-0.9085839843749994,-0.7442839843750022
3469,2020-04-02,34.17,34.18,33.42,33.9,1372316800.0,40619856,65536,1.6176518606397794,-3.5059230371314865,34.781925,35.1,-0.3180747985839858,-0.14257479858398625
3475,2020-04-13,35.99,36.46,35.41,36.22,973668800.0,27082442,65536,-0.4223730360449651,-22.833347695517574,36.803146,38.03,-1.2268536376953136,-1.036703637695311
3487,2020-04-29,36.31,36.75,36.11,36.14,765828288.0,21042330,65536,0.4645181403686527,-21.490817412717448,36.8401,36.4,0.4400993347167983,0.6220993347168005
3488,2020-04-30,36.0,36.4,35.45,36.29,1309135232.0,36530432,65536,1.1779065587802506,38.6653732492101,36.732346,36.65,0.08234558105468892,0.26559558105468994
3494,2020-05-13,35.75,35.96,35.47,35.69,558770240.0,15658875,65536,0.2022604690624874,-10.23901096781602,36.258846,36.06,0.1988462829589821,0.37914628295898467
3501,2020-05-22,36.83,37.12,35.74,36.81,1523029760.0,41831515,65536,-2.2929122591854534,8.978741566097014,36.844086,36.65,0.19408569335937642,0.37733569335937744
3513,2020-06-09,36.34,36.43,35.87,35.95,879173184.0,24381999,65536,0.6235781150934372,-16.40108802548802,36.899624,36.48,0.4196238708496125,0.6020238708496137
3514,2020-06-10,36.41,36.48,36.06,36.15,817716160.0,22538767,65536,-0.1808733812203034,-2.635414535804804,36.923237,36.62,0.3032368469238307,0.48633684692383383
3530,2020-07-06,36.46,37.69,36.36,37.67,2725721856.0,73293734,65536,5.667707484840245,39.704381291076935,38.645233,39.08,-0.4347668457031233,-0.23936684570312394
3536,2020-07-14,38.9,39.29,38.17,38.75,1920609664.0,49618481,65536,-0.9534387260558552,-7.587068712920619,39.143764,39.49,-0.3462355041503926,-0.14878550415038916
3542,2020-07-22,41.25,41.3,39.38,39.45,2718943488.0,67608066,65536,0.4990364609979814,11.867112639137645,40.784325,40.72,0.06432464599609489,0.26792464599609644
3545,2020-07-27,41.7,44.0,41.27,43.98,4387376640.0,101893204,65536,0.5073697340414851,-29.71837054250949,44.266468,46.84,-2.5735319519043003,-2.339331951904299
3551,2020-08-04,42.64,42.97,42.0,42.14,1785720576.0,42116203,65536,0.09410413492310088,11.73255762244725,42.964306,44.93,-1.9656941223144528,-1.741044122314456
3555,2020-08-10,43.33,43.57,42.45,43.16,2142856832.0,49797273,65536,0.3598184340039001,-4.556699743126369,43.892788,42.96,0.9327879333496085,1.1475879333496053
3558,2020-08-13,39.2,39.2,38.5,38.88,1491448960.0,38392371,65536,-0.25668941656411537,-24.810405646064314,39.275406,39.58,-0.3045941162109358,-0.10669411621093872
3567,2020-08-26,28.35,28.66,28.0,28.16,939929344.0,33248972,65536,-1.172208864015789,6.7775140690084195,28.21514,28.78,-0.5648606109619152,-0.4209606109619166
3569,2020-08-28,28.23,29.05,28.12,28.98,1012411904.0,35368848,65536,2.3866338360087447,33.90116668073724,28.823647,29.849999999999998,-1.0263534545898416,-0.8771034545898431
3570,2020-08-31,29.3,29.85,28.99,28.99,1637112576.0,55707619,65536,-0.5790346120261747,27.081134028020678,29.295397,29.869999999999997,-0.5746031951904271,-0.42525319519042526
3574,2020-09-04,28.25,28.6,28.08,28.46,698192704.0,24587192,65536,-0.9731996429387046,-17.600187836715918,28.41616,28.65,-0.23383941650390483,-0.09058941650390295
3578,2020-09-10,27.46,27.53,26.74,26.87,638782592.0,23541958,65536,-0.056929845416942015,-7.1631970860806655,27.561518,27.05,0.5115177154541009,0.6467677154541001
3584,2020-09-18,26.22,26.75,26.06,26.75,608608896.0,23111483,65536,2.2531088714812686,51.36910623490528,27.392471,26.78,0.6124713134765614,0.7463713134765619
3590,2020-09-28,25.37,25.74,25.11,25.55,468940320.0,18379089,65536,0.2601739160878802,-8.565019324001554,26.185963,25.9,0.28596267700195455,0.4154626770019547
3599,2020-10-20,25.86,25.86,25.54,25.82,426345856.0,16574974,65536,0.7986558693215742,-24.1385558236336,26.45594,26.2,0.25594024658203196,0.3869402465820322
3606,2020-10-29,24.37,24.48,24.24,24.47,722902784.0,29657601,65536,0.7525431313815778,7.978588021791898,25.092123,24.5,0.5921230316162109,0.7146230316162097
3614,2020-11-10,24.51,24.91,24.4,24.89,1215859584.0,49218504,65536,-0.5514569343651909,-10.584162740430793,25.634193,24.77,0.8641934204101567,0.9880434204101576
3628,2020-11-30,23.66,23.86,23.35,23.84,731084352.0,30905119,65536,-0.4119844923576199,61.17474100894,24.431322,24.12,0.3113220977783193,0.4319220977783189
3631,2020-12-03,24.54,24.58,24.22,24.33,477002784.0,19596103,65536,-0.19892878428462435,-8.990040272933863,25.079956,24.45,0.6299560546875007,0.7522060546875018
3635,2020-12-09,24.37,24.54,24.0,24.03,474870912.0,19585457,65536,-1.3409502822422923,12.873605312826085,24.615934,23.92,0.6959343719482405,0.8155343719482389
3645,2020-12-23,23.36,23.46,23.26,23.38,428324512.0,18354409,65536,0.8530103106488163,-13.58351355142078,24.004454,23.57,0.4344536590576169,0.5523036590576176
3646,2020-12-24,23.5,23.57,23.25,23.31,322448608.0,13787800,0,-0.14179807953472734,-18.442962501166946,23.90042,23.47,0.4304192352294933,0.5477692352294952
3650,2020-12-30,23.38,23.55,23.29,23.44,311927520.0,13318029,0,1.403348046972619,5.260521519672755,24.061775,23.75,0.31177520751953125,0.43052520751952983
