Unnamed: 0,Unnamed: 0.1,open,high,low,adjclose,amount,volume,str07,pct_index_300,pct_vol_300,low_1,true_low_1,buy_profit,sell_profit
59,2005-04-06,8.82,8.99,8.58,8.87,7521895.0,857192,883,1.8909783484548641,49.79670746431707,8.851638,8.8,-0.05163784027099538,-0.007637840270996676
66,2005-04-18,8.68,8.7,8.42,8.5,7614681.0,896162,878,-1.0584346254927768,-17.394205278051444,8.504988,8.53,0.025012283325194673,0.06766228332519297
68,2005-04-20,8.72,8.72,8.65,8.7,2767745.0,318274,871,-1.5550424996635168,-3.928501144570884,8.590198,8.52,-0.07019756317138715,-0.027597563171388728
78,2005-05-11,8.26,8.39,8.12,8.13,1847912.0,222850,840,-1.2299031848249875,-13.838747796310216,8.071153,7.32,-0.7511526870727536,-0.7145526870727545
79,2005-05-12,8.1,8.1,7.32,7.32,3615069.0,481100,813,-1.7774574485779238,13.123941956948464,7.383066,6.65,-0.7330661773681637,-0.6998161773681648
80,2005-05-13,7.11,7.11,6.65,6.86,16352109.0,2382195,732,0.19417037321352024,9.934635027647644,6.869415,6.78,-0.08941480636596655,-0.055514806365967395
81,2005-05-16,6.86,7.15,6.78,7.02,6887739.0,981774,686,-1.3824729026297389,-26.86210093708209,6.7569,6.91,0.15310016632080092,0.18765016632080034
93,2005-06-01,7.32,7.5,7.11,7.43,3633957.0,497555,732,-2.151994859512829,12.124045148138695,7.1445255,7.0,-0.14452552795410156,-0.10952552795410231
95,2005-06-03,6.9,7.1,6.9,7.05,1395532.0,200136,706,-0.04276741855862021,-16.538623698383482,7.0794387,6.95,-0.12943868637084943,-0.09468868637085048
96,2005-06-06,7.05,7.1,6.95,7.09,4828539.0,684270,705,2.5634756671515824,13.5221954078953,7.1974726,5.6,-1.5974725723266605,-1.569472572326661
99,2005-06-09,6.15,6.45,5.98,6.37,18267488.0,2984922,621,0.7540545613124783,0.7110798129284612,6.1962695,6.2,0.0037304878234865058,0.0347304878234862
100,2005-06-10,6.4,6.68,6.2,6.22,21788562.0,3363333,637,-1.976769669077372,-32.43736014657001,6.078092,6.12,0.04190790176391612,0.07250790176391586
107,2005-06-21,6.0,6.16,5.97,6.11,4249279.0,699509,600,-1.1133670249155905,-32.736263459688104,5.853774,5.97,0.11622592926025366,0.14607592926025337
123,2005-07-13,5.51,5.54,5.29,5.32,3408341.0,633898,551,-0.656241929046042,-37.29870906151954,5.3122487,4.9,-0.4122487068176266,-0.38774870681762685
124,2005-07-14,5.3,5.44,4.9,5.17,9487384.0,1874978,532,0.3970551741252493,-0.3923249268367289,5.142322,5.01,-0.13232206344604514,-0.10727206344604578
128,2005-07-20,4.92,5.03,4.91,5.0,1457236.0,291379,491,0.8413015641268062,8.041950288507692,5.057667,4.98,-0.0776667785644527,-0.052766778564453
132,2005-07-26,5.25,5.4,5.17,5.39,4251854.0,800218,525,2.289755619354384,84.72096369700981,5.4523277,5.28,-0.17232772827148413,-0.14592772827148437
148,2005-08-17,5.88,5.99,5.81,5.96,13494861.0,2291813,588,0.8412164307028069,-10.074878203952364,6.024048,5.75,-0.2740478515625,-0.2452978515625004
152,2005-08-23,5.77,5.77,5.6,5.66,6864531.0,1206830,562,-0.8865800122360934,-3.895706128042221,5.518198,5.57,0.05180198669433622,0.07965198669433526
171,2005-09-19,6.25,6.29,6.2,6.27,10191226.0,1629361,626,0.3772648812907509,5.428674034611559,6.319744,6.03,-0.2897441101074216,-0.2595941101074226
172,2005-09-20,6.25,6.29,6.03,6.22,14621560.0,2380318,627,-0.9493996746092304,26.45770247046617,6.155066,6.04,-0.1150660133361816,-0.08486601333618182
174,2005-09-22,6.0,6.06,5.82,5.95,8665607.0,1460846,605,-2.238434578202264,-2.299500671317578,5.8822556,5.82,-0.062255554199218466,-0.033155554199218784
176,2005-09-26,5.88,5.97,5.84,5.91,6985636.0,1176937,584,0.25432516509305003,-23.480142224694692,5.965261,5.84,-0.12526098251342788,-0.09606098251342843
177,2005-09-27,5.9,5.97,5.84,5.94,10345013.0,1739148,591,-1.5536538629039254,25.4612369061954,5.785924,5.9,0.11407604217529332,0.14357604217529296
188,2005-10-19,6.15,6.18,5.98,6.0,4661849.0,767040,612,-0.4022740117690105,-2.932075793071387,6.0358152,5.86,-0.1758152389526364,-0.14651523895263718
193,2005-10-26,6.15,6.44,6.13,6.32,27255508.0,4312036,619,-2.06313529470964,8.505189460360874,6.1754603,6.16,-0.015460338592529155,0.015339661407470118
200,2005-11-04,5.7,5.82,5.7,5.81,2964806.0,512047,578,0.43220745958059137,-21.44538114300288,5.8468666,5.75,-0.09686660766601562,-0.06811660766601602
209,2005-11-17,5.89,5.95,5.83,5.94,3018221.0,510730,589,-0.05329502270832176,-2.8071603153581264,5.90177,5.9,-0.0017701148986812854,0.027729885101318352
221,2005-12-05,5.99,5.99,5.82,5.86,12143737.0,2074954,600,-1.1874382141297102,21.13603123873944,5.883196,5.8,-0.08319587707519549,-0.054195877075196464
223,2005-12-07,5.9,5.96,5.85,5.91,4267540.0,721860,590,0.8959911324588843,-4.469922054739972,6.008804,5.9,-0.10880384445190394,-0.0793038444519043
225,2005-12-09,5.92,6.03,5.89,6.02,13424563.0,2266433,598,1.5216346703887718,23.981972036147557,6.1020336,6.0,-0.10203361511230469,-0.07203361511230533
229,2005-12-15,6.23,6.28,6.15,6.17,12100254.0,1949308,625,-0.19150475978400028,17.243591985362382,6.1850657,6.16,-0.025065746307372905,0.005734253692626368
232,2005-12-20,6.19,6.2,6.16,6.19,4257442.0,688220,622,0.488420772834508,3.606282644108094,6.2169647,6.03,-0.18696472167968725,-0.15681472167968824
235,2006-01-06,6.97,6.98,6.51,6.68,40572760.0,6106718,637,1.136446571371974,10.891377382981384,6.7958155,6.63,-0.16581546783447276,-0.13266546783447364
237,2006-01-10,6.8,6.97,6.79,6.88,28860936.0,4200732,677,0.2973596513714316,-6.552730605150481,6.891367,6.74,-0.15136695861816385,-0.11766695861816423
246,2006-02-24,4.99,5.07,4.9,5.04,15095999.0,3007241,494,0.774940703112259,-0.5505827459407864,5.10831,4.94,-0.16831022262573203,-0.14361022262573275
253,2006-03-07,4.78,4.8,4.58,4.6,13226057.0,2835135,478,-2.3005765880235174,8.200750009946313,4.2671237,4.54,0.2728763008117676,0.2955763008117671
255,2006-03-09,4.64,4.67,4.6,4.65,7274586.0,1568767,459,-0.4884718658039966,-27.074048612914524,4.4935136,4.54,0.046486415863037145,0.06918641586303664
263,2006-03-21,4.76,4.86,4.73,4.79,26227176.0,5465919,474,0.29874910857119463,23.962125319495,4.7842307,4.7,-0.08423070907592756,-0.060730709075928146
264,2006-03-22,4.8,4.88,4.7,4.86,28159380.0,5907956,479,0.6639378915408001,-2.2910931119337405,4.8587646,4.81,-0.04876464843750039,-0.024714648437500486
265,2006-03-23,4.85,4.94,4.81,4.91,20172040.0,4132220,486,0.08304141571295888,9.80286284087266,4.8538017,4.79,-0.06380172729492184,-0.03985172729492259
285,2006-04-20,5.05,5.27,5.05,5.17,67988608.0,13142014,503,-0.3391200449817222,10.380105432822127,5.0324116,5.06,0.027588424682616797,0.05288842468261645
295,2006-05-12,5.55,5.85,5.51,5.76,67116376.0,11856048,558,3.284357470678234,-10.163611001946961,5.780341,5.6,-0.1803411483764652,-0.15234114837646562
310,2006-06-05,5.98,6.15,5.91,6.14,35537840.0,5870202,597,0.9380485137973738,-14.050008951918604,6.003094,6.03,0.02690580368042017,0.05705580368041918
320,2006-06-19,5.42,5.51,5.35,5.45,18628692.0,3411900,543,1.2807186591907491,8.160459689710287,5.355284,5.44,0.084715785980225,0.11191578598022467
325,2006-06-26,5.51,5.75,5.51,5.68,28733016.0,5069337,551,1.7887939079472837,15.376308824494831,5.724433,5.58,-0.14443294525146477,-0.11653294525146496
338,2006-07-13,6.18,6.18,5.59,5.59,81516872.0,13965439,621,-5.1514937993235685,34.929904781354686,5.313959,5.42,0.10604087829589837,0.13314087829589738
340,2006-07-17,5.6,5.72,5.55,5.71,24247284.0,4297453,563,1.1141158179393211,-25.88421513694267,5.6390095,5.6,-0.03900947570800817,-0.011009475708008587
343,2006-07-20,5.54,5.62,5.46,5.55,17458396.0,3152547,554,0.6396636341872153,-26.863488299166388,5.5745287,5.54,-0.034528694152831996,-0.006828694152832604
353,2006-08-03,5.35,5.43,5.3,5.37,6994099.0,1303932,534,-0.2627265526354949,-27.35492792906688,5.31001,5.15,-0.16000995635986293,-0.13425995635986343
369,2006-08-29,5.4,5.5,5.33,5.34,18048404.0,3325125,539,0.3220478320222542,21.323088122233685,5.393425,5.3,-0.09342498779296893,-0.0669249877929694
371,2006-08-31,5.4,5.42,5.32,5.42,10663391.0,1986402,538,0.3011980489559196,9.689356393433114,5.405416,5.27,-0.13541601181030316,-0.10906601181030329
376,2006-09-07,5.54,5.58,5.4,5.57,30714188.0,5584403,550,-1.3361854467939582,-5.470811008040731,5.403301,5.49,0.08669923782348654,0.11414923782348563
383,2006-09-18,5.78,5.92,5.68,5.87,33986848.0,5827669,575,0.9718715133008482,-12.763896356971994,5.8467193,5.75,-0.09671926498413086,-0.06796926498413125
398,2006-10-16,6.9,7.14,6.85,7.05,33277884.0,4745717,689,-0.8638040925863844,0.6963382707626753,6.829554,6.959999999999999,0.1304459190368643,0.16524591903686314
401,2006-10-19,7.55,8.14,7.5,8.02,54767636.0,6887377,759,0.12451394347485767,-1.9350969119041217,7.8024063,7.8,-0.0024063110351564276,0.036593688964842386
402,2006-10-20,8.04,8.05,7.8,7.89,27809930.0,3513057,802,0.055579485611856334,11.502289206078165,7.8480473,7.2,-0.6480472564697264,-0.6120472564697268
410,2006-11-01,7.55,7.73,7.35,7.65,37070148.0,4910202,752,1.0201642915184328,5.34376184551304,7.585551,7.33,-0.2555507850646972,-0.21890078506469823
419,2006-11-14,6.75,6.95,6.69,6.94,21346984.0,3115624,670,1.2196939923294847,-12.833114955282898,6.928915,6.94,0.011084976196289453,0.04578497619628852
426,2006-11-23,7.58,7.64,7.42,7.55,34528536.0,4594417,757,0.6699383632075895,-9.996962262396913,7.4789195,7.33,-0.14891950607299798,-0.11226950607299901
430,2006-11-29,7.5,8.08,7.36,7.95,50153768.0,6418011,760,1.4069257486268416,1.821809374527783,7.820254,7.92,0.09974615097045891,0.1393461509704581
432,2006-12-01,7.96,8.2,7.9,8.2,48743100.0,6036554,796,0.8667957721832042,-2.9933977112561627,8.028878,8.35,0.321121788024902,0.3628717880249006
436,2006-12-07,8.3,8.58,8.19,8.2,38841404.0,4640857,829,-0.20793409051315104,-0.9710015293435847,8.2008,7.7,-0.5007999420166014,-0.4622999420166023
442,2006-12-15,8.2,8.55,8.2,8.4,30529072.0,3632516,815,1.715555458734075,4.677802358574422,8.413816,8.3,-0.11381645202636648,-0.07231645202636727
445,2006-12-20,8.4,8.73,8.17,8.61,57534544.0,6763453,842,0.7863893746356876,-16.876549248044682,8.472672,8.32,-0.15267246246337862,-0.11107246246337965
446,2006-12-21,8.62,8.77,8.32,8.36,41305544.0,4834527,861,-1.4236657974232458,6.879796023681339,8.237802,8.1,-0.137801551818848,-0.09730155181884825
448,2006-12-25,8.18,8.33,8.18,8.24,34217652.0,4156643,820,2.292629402207158,21.676686999347037,8.297195,7.95,-0.3471954345703123,-0.3074454345703135
451,2006-12-28,8.12,8.24,7.88,7.9,31871260.0,3945233,812,-0.14877350117001864,12.832968432629665,7.8440585,7.86,0.015941486358642898,0.0552414863586419
458,2007-01-11,9.5,9.83,9.25,9.31,47751508.0,4998176,950,-1.0789150564945338,1.6154164527854231,9.1541,8.71,-0.44410041809081946,-0.4005504180908197
462,2007-01-17,10.1,10.27,9.5,9.75,89611872.0,8997739,1009,-1.9091963447429137,16.567026242409177,9.505709,9.62,0.1142913055419914,0.16239130554199122
466,2007-01-23,12.2,12.2,11.0,11.58,76488984.0,6618205,1199,0.6751468103126435,8.993879873442731,11.475517,11.28,-0.1955172729492194,-0.13911727294922116
473,2007-02-01,11.0,11.56,10.8,11.35,41678616.0,3670414,1120,0.4125215379004121,-19.56644525821601,11.316387,10.99,-0.32638717651367166,-0.2714371765136736
481,2007-02-13,11.96,12.54,11.91,12.52,39203892.0,3207523,1197,1.4983563947710499,-6.298075804039549,12.1848755,12.4,0.21512451171875036,0.27712451171874974
485,2007-02-26,12.85,13.32,12.5,13.23,90142392.0,6950331,1284,1.1558836495139555,-1.8143156948171368,12.984864,11.91,-1.0748642349243163,-1.0153142349243183
489,2007-03-02,11.18,11.4,10.99,11.18,30972084.0,2766370,1108,1.4226574059849506,-29.470486457130328,11.044673,10.88,-0.1646729660034172,-0.11027296600341785
496,2007-03-13,12.92,12.96,12.49,12.67,48770024.0,3864408,1291,0.9173715775351088,5.3146219701793775,12.52079,11.98,-0.5407901000976558,-0.48089010009765687
500,2007-03-19,11.98,12.66,11.81,12.65,36857300.0,2968069,1227,2.118860469313377,-1.7897927636185806,12.320553,12.6,0.27944717407226527,0.3424471740722641
501,2007-03-20,12.6,13.45,12.6,13.4,129699360.0,9938538,1265,0.5023670663793833,-17.211714288008228,12.983738,13.4,0.41626205444335973,0.4832620544433581
503,2007-03-22,13.77,13.98,13.5,13.6,66361028.0,4846314,1371,0.3226522607859161,28.93400622416955,13.506421,13.11,-0.39642108917236385,-0.33087108917236563
504,2007-03-23,13.59,13.76,13.11,13.59,47184432.0,3525014,1360,0.18256790050601435,-11.278804741062677,13.380601,13.6,0.21939907073974574,0.2873990707397436
505,2007-03-26,13.6,14.2,13.6,13.75,71536256.0,5186411,1359,1.75829354224728,2.92625875401773,13.713,13.48,-0.2330002975463863,-0.16560029754638705
509,2007-03-30,12.88,13.0,12.66,12.79,41718104.0,3254577,1298,-0.05461143247224021,-40.928650689730254,12.696702,12.91,0.21329799652099624,0.277847996520995
512,2007-04-04,13.57,14.15,13.35,13.96,122292712.0,8846996,1355,0.8209521105497997,-1.957861309095121,13.716153,13.78,0.06384685516357358,0.13274685516357287
514,2007-04-06,13.96,14.45,13.79,14.27,71681712.0,5031484,1400,0.9157770352864468,6.69463791326752,14.046015,14.08,0.03398521423339851,0.10438521423339786
515,2007-04-09,14.27,14.66,14.08,14.64,89309608.0,6221597,1427,2.226102873139713,14.916598914762671,14.360905,13.88,-0.48090469360351484,-0.4115046936035167
519,2007-04-13,14.57,14.78,14.24,14.29,87934144.0,6057320,1463,-0.2269836672501357,8.772803460945111,14.124126,14.16,0.03587356567382827,0.10667356567382669
528,2007-04-27,14.81,14.89,14.4,14.44,80619008.0,5503617,1474,-0.6600678959691741,2.1531591619957435,14.272741,14.2,-0.07274131774902415,-0.0017413177490261944
530,2007-05-08,14.98,15.49,14.9,15.25,152759984.0,10014764,1478,3.577700908475268,13.240179004531605,15.043918,14.6,-0.4439176559448246,-0.37091765594482595
534,2007-05-14,14.88,15.89,14.71,15.78,166388512.0,10764540,1516,0.8591236992283813,2.4013553418754885,15.232341,15.02,-0.2123408126831059,-0.13724081268310684
542,2007-05-24,17.39,17.39,16.0,16.41,134246224.0,8111277,1717,-0.4874395460719216,15.520301310642948,16.206673,16.2,-0.0066726684570319605,0.07432733154296756
545,2007-05-29,16.74,17.27,16.6,17.05,142569024.0,8386540,1681,2.350107302987303,-0.6792453763311834,16.768337,15.35,-1.4183372497558597,-1.341587249755861
551,2007-06-06,13.37,13.7,12.9,13.39,82628464.0,6158656,1330,1.181688369930356,-15.660398397658925,12.951121,13.45,0.4988786697387688,0.5661286697387666
555,2007-06-12,14.16,14.6,13.78,14.49,87931328.0,6172750,1410,2.651416886664326,9.240807415712403,13.996721,14.72,0.7232787322998053,0.7968787322998043
557,2007-06-14,14.85,14.9,14.35,14.39,90078896.0,6181873,1493,-1.0307726302549391,-20.870854594182,14.0892515,14.1,0.010748481750487926,0.08124848175048704
559,2007-06-18,14.7,15.15,14.6,14.78,75833712.0,5091738,1452,3.1270582380750205,27.76013963442649,14.537086,14.83,0.2929144668579102,0.36706446685790795
570,2007-07-03,12.69,13.81,12.63,13.38,60856564.0,4558732,1258,1.9844797027937624,-6.710280415162151,13.10175,13.05,-0.05175037384033132,0.0134996261596676
572,2007-07-05,12.72,13.05,12.21,12.22,18893648.0,1491474,1306,-5.506493784024913,13.05604456548246,12.020122,11.96,-0.060121574401854616,-0.00032157440185542896
581,2007-07-18,12.7,13.36,12.65,12.82,32440120.0,2494433,1281,0.47286688744343497,41.230063417998174,12.645776,12.5,-0.14577579498291016,-0.08327579498291193
584,2007-07-23,13.25,13.98,13.23,13.73,94356832.0,6929656,1322,4.653715620814336,54.287057069097614,13.510639,13.45,-0.060639190673828836,0.006610809326168976
585,2007-07-24,13.88,14.05,13.45,13.74,124020128.0,9047906,1373,0.111385900421479,-10.771413956060373,13.496524,13.38,-0.11652385711669844,-0.04962385711669981
599,2007-08-13,13.25,13.54,12.8,13.42,73689160.0,5641216,1328,-0.11614917870472752,14.407511899122438,13.060635,13.2,0.13936538696288991,0.20536538696288886
604,2007-08-20,14.6,14.78,14.3,14.76,193518096.0,13287013,1428,5.5948454365859925,6.535656628561615,14.573525,14.82,0.24647457122802763,0.32057457122802546
607,2007-08-23,14.83,15.49,14.75,15.3,122760416.0,8068888,1459,1.6675607568952255,-8.073929210778086,14.950192,14.9,-0.050192451477050426,0.024307548522948252
608,2007-08-24,15.38,15.4,14.9,14.98,90692768.0,6017987,1530,1.589780234543681,8.402402449354751,14.886855,14.5,-0.3868551254272461,-0.3143551254272481
610,2007-08-28,14.66,14.79,14.3,14.45,84449184.0,5819591,1466,0.16440498555259087,-9.154703970233903,14.271307,14.299999999999999,0.028693008422850497,0.10019300842284906
611,2007-08-29,14.49,15.0,14.3,14.99,102181160.0,6969697,1445,-1.5223438954866777,-2.8472418075588646,14.448816,14.85,0.4011837005615231,0.47543370056152234
612,2007-08-30,15.1,15.55,14.85,15.37,142229088.0,9347428,1499,1.3420807375353228,-7.72111340032483,15.095714,15.05,-0.04571361541747976,0.02953638458251895
628,2007-09-21,15.94,15.98,15.13,15.33,68459824.0,4436129,1591,-0.4880871787032337,7.74828865553574,15.07317,14.89,-0.18316970825195256,-0.10871970825195376
632,2007-09-27,15.27,15.8,15.06,15.77,41424364.0,2686947,1530,1.2430470320946352,-13.816543989664233,15.426512,15.62,0.19348823547363203,0.2715882354736312
639,2007-10-15,14.55,14.55,13.98,14.15,82606448.0,5855788,1430,1.4681326496107872,-9.383145081200428,13.955005,13.98,0.024995307922363708,0.09489530792236245
640,2007-10-16,14.01,14.4,13.98,14.29,71202816.0,5023628,1415,0.9576651865085052,-8.474650679292816,13.963737,14.05,0.08626346588134837,0.1565134658813463
642,2007-10-18,14.2,14.4,13.95,14.11,37665920.0,2651628,1418,-3.5777078768981405,-0.5609562132564251,13.781804,13.78,-0.0018040847778326707,0.06709591522216662
653,2007-11-02,13.1,13.48,12.79,12.9,36611976.0,2789788,1318,-2.3602956524531367,-7.128947164556509,12.647122,12.64,-0.007122383117675213,0.056077616882323156
655,2007-11-06,13.1,13.42,13.0,13.2,20230168.0,1527837,1304,-0.7977150575246617,-19.697760660047727,12.919528,12.9,-0.019528007507323863,0.04497199249267503
658,2007-11-09,12.55,12.72,12.28,12.3,20068340.0,1614668,1258,-1.0434519707794077,-4.080075899823088,12.196372,12.11,-0.08637203216552791,-0.025822032165528697
677,2007-12-07,12.98,13.32,12.9,13.16,25136368.0,1909524,1293,1.4139841402035058,14.704335951138823,13.096984,12.9,-0.19698390960693324,-0.13248390960693435
686,2007-12-20,14.5,14.64,14.32,14.41,44726936.0,3095837,1440,1.8377410139720718,-2.43581228226728,14.275611,14.35,0.0743890762329098,0.14613907623290778
692,2007-12-28,14.88,14.98,14.46,14.58,77426632.0,5267521,1491,-0.5451296965270691,-13.341485525900474,14.495957,14.27,-0.22595737457275433,-0.15460737457275542
696,2008-01-07,15.1,15.6,15.02,15.6,91695760.0,5962252,1506,1.3301359495956344,3.360597699319112,15.260291,15.01,-0.25029109954834006,-0.17524109954834088
698,2008-01-09,15.09,15.48,15.03,15.47,56023280.0,3666666,1509,1.5504563091867762,-27.89332540476697,15.210205,15.31,0.0997949218750005,0.17634492187499973
699,2008-01-10,15.55,15.8,15.31,15.6,74619680.0,4792210,1547,1.0401228410191976,37.25253474206567,15.31103,15.5,0.18896961212158203,0.2664696121215808
703,2008-01-16,15.89,16.05,15.56,15.6,55685236.0,3539293,1596,-3.34822564930789,9.605397553713946,15.313995,14.6,-0.7139953613281254,-0.6409953613281267
711,2008-01-28,13.79,13.81,12.8,12.87,53077312.0,3992247,1363,-6.805608349105753,-12.126791190584862,12.557063,12.82,0.2629368972778323,0.32703689727783036
714,2008-01-31,13.33,13.79,13.19,13.24,19726038.0,1457195,1346,-1.9158714827040901,-9.52050876835715,12.983508,12.850000000000001,-0.1335081100463853,-0.06925811004638582
716,2008-02-04,13.65,14.37,13.65,14.28,51903292.0,3683283,1335,8.271762096615442,16.590831033201823,14.114365,14.05,-0.06436462402343679,0.005885375976561136
717,2008-02-05,14.1,14.4,14.05,14.13,24401000.0,1719245,1428,-0.5715012969382594,-19.917368983505426,13.806726,13.7,-0.10672645568847727,-0.03822645568847882
722,2008-02-19,14.43,14.64,14.4,14.63,37891608.0,2606941,1453,2.2349872428980797,18.263722635816745,14.451512,14.12,-0.3315123367309578,-0.2609123367309589
723,2008-02-20,14.68,14.73,14.12,14.19,55864220.0,3890981,1463,-2.2313399392520967,9.345054235478287,14.030606,13.71,-0.32060626983642493,-0.2520562698364266
725,2008-02-22,13.9,13.98,13.15,13.4,49366072.0,3644462,1402,-3.564170031767644,13.51653365911043,13.1496935,13.04,-0.10969348907470788,-0.04449348907470885
733,2008-03-05,14.5,15.27,14.46,15.19,100828848.0,6742996,1469,-0.9083416289350501,-12.656353254304795,14.712262,14.96,0.24773784637451257,0.32253784637451055
737,2008-03-11,13.65,13.85,13.35,13.8,66987736.0,4923648,1378,0.2164008854609767,-17.318129391569105,13.427101,13.31,-0.11710113525390575,-0.05055113525390631
740,2008-03-14,12.75,12.98,12.6,12.9,24973392.0,1948129,1266,-0.9785756473031482,-31.99710826645851,12.585164,12.02,-0.565164070129395,-0.5050640701293965
744,2008-03-20,11.1,11.74,10.65,11.65,63419152.0,5579066,1141,2.9049644368786653,21.93878925530437,11.184555,11.51,0.3254449462890623,0.3829949462890614
751,2008-03-31,11.0,11.16,10.8,10.81,25876588.0,2356363,1141,-3.2573963288890617,-30.063907267770162,10.343441,9.73,-0.613441009521484,-0.5647910095214854
757,2008-04-09,10.26,10.44,9.68,9.71,36193560.0,3594466,1030,-5.215288379002113,-11.506678259074711,9.351614,9.35,-0.0016139984130862928,0.04513600158691311
758,2008-04-10,9.54,10.1,9.35,10.07,44214028.0,4589598,971,1.8055220396244083,-26.13721078412669,9.89592,10.04,0.14408020019531165,0.19428020019531012
760,2008-04-14,10.32,10.32,9.63,9.73,52046208.0,5237456,1034,-6.5385215118414886,26.96101842141945,9.20966,9.35,0.14034042358398402,0.18709042358398342
773,2008-05-06,10.75,10.75,10.36,10.42,59151796.0,5620919,1076,-1.1068154584321754,-6.516116421842532,10.253815,9.96,-0.29381469726562415,-0.24401469726562475
776,2008-05-09,10.38,10.51,9.9,10.18,49102416.0,4806056,1027,-1.1750198724089445,21.791205163430963,9.992429,9.9,-0.09242877960205043,-0.0429287796020521
777,2008-05-12,9.95,10.77,9.9,10.58,57615824.0,5538482,1018,0.6702896682581727,-15.41911426042032,10.391816,10.210000000000003,-0.18181613922118878,-0.1307661392211905
788,2008-05-27,10.21,10.57,10.09,10.39,53185512.0,5132479,1001,0.4770708188872818,-12.127302903209667,10.307461,10.15,-0.15746078491210902,-0.10671078491211006
791,2008-05-30,10.18,10.2,10.0,10.15,22015836.0,2180439,1007,0.8506312711715314,-2.827381134455864,10.015127,9.81,-0.20512718200683544,-0.15607718200683607
795,2008-06-05,9.79,10.1,9.78,10.0,21037894.0,2110199,981,-0.9805690570974356,-18.45277731707557,9.801872,9.79,-0.011872253417969603,0.03707774658203
801,2008-06-16,8.55,8.8,8.3,8.43,13391032.0,1577431,852,-0.9022798678804512,5.900342091459754,8.288303,7.86,-0.4283033752441403,-0.3890033752441413
802,2008-06-17,8.43,8.51,7.86,7.88,17053244.0,2097101,843,-3.7110803999674813,-1.30535798104513,7.629147,7.75,0.12085294723510742,0.15960294723510682
805,2008-06-20,7.5,8.16,7.2,7.68,20345216.0,2628393,752,2.7619109437881484,42.28323882688636,7.7345953,7.26,-0.47459529876709006,-0.43829529876709117
813,2008-07-02,7.45,7.68,7.4,7.58,8465828.0,1121923,740,0.04632460577760345,-3.241485693073709,7.5185847,7.4,-0.11858472824096644,-0.08158472824096741
818,2008-07-09,8.31,8.58,8.25,8.53,29780500.0,3544027,827,3.9040746560802697,27.851475217241806,8.542557,8.32,-0.22255676269531222,-0.18095676269531324
826,2008-07-21,8.25,8.82,8.1,8.75,39833576.0,4704871,821,3.3951823147904783,12.228256205780784,8.619751,8.61,-0.009750976562500568,0.033299023437498576
840,2008-08-08,8.1,8.15,7.55,7.58,13781405.0,1763300,807,-4.741144814809372,32.19512478991089,7.327818,6.91,-0.41781791687011705,-0.38326791687011763
841,2008-08-11,7.5,7.58,6.91,6.97,15998579.0,2214917,758,-5.1959127287320666,3.967119670598551,6.80614,6.8,-0.006139945983886896,0.027860054016112024
844,2008-08-14,7.05,7.32,6.92,7.23,9607168.0,1339699,707,-0.047450167098206375,-26.838532822879852,7.0051546,7.07,0.0648453903198245,0.10019539031982383
845,2008-08-15,7.23,7.28,7.07,7.18,6302664.0,875346,723,0.16779141480902648,1.3147883965837437,7.028403,6.72,-0.3084028053283694,-0.2748028053283704
846,2008-08-18,7.3,7.3,6.72,6.78,7369013.0,1058328,718,-5.483308206781311,15.673313547407908,6.3698306,6.66,0.2901693916320802,0.3234693916320799
847,2008-08-19,6.72,6.95,6.66,6.85,5198680.0,762157,678,1.515950548975531,-17.550613369808353,6.9342933,6.73,-0.20429327011108356,-0.1706432701110847
862,2008-09-09,6.78,6.82,6.62,6.75,4790331.0,712749,666,0.5939281078946035,-20.563157306898574,6.8453774,6.69,-0.15537744522094687,-0.12192744522094756
877,2008-10-08,6.98,7.29,6.98,7.26,24453570.0,3420890,717,-3.7846322147970133,-14.374964080730846,7.0365686,7.14,0.10343135833740202,0.13913135833740142
880,2008-10-13,7.4,7.97,7.31,7.93,80334512.0,10526332,748,4.118072744053358,11.203955353745119,8.036374,7.61,-0.42637409210205046,-0.3883240921020512
883,2008-10-16,7.46,7.49,6.92,7.04,41657640.0,5783470,768,-4.882049353308672,27.082472757300984,6.6637936,6.81,0.14620643615722617,0.18025643615722586
890,2008-10-27,7.66,8.08,7.31,7.38,51571480.0,6665789,781,-7.124494836102367,10.494569121522957,7.055172,7.23,0.17482803344726605,0.2109780334472653
894,2008-10-31,7.9,8.1,7.69,7.84,48517340.0,6091553,781,-2.0027567357421394,-31.415721020479175,7.5055633,7.49,-0.015563259124755646,0.021886740875243227
901,2008-11-11,8.38,8.54,8.18,8.22,50923288.0,6112437,836,-1.127287461077786,3.32139155133322,8.004749,8.08,0.07525070190429695,0.11565070190429694
905,2008-11-17,8.85,9.15,8.7,9.06,88156112.0,9865222,892,2.2416587348545125,-3.654862226480603,8.931525,8.71,-0.221525230407714,-0.17797523040771424
906,2008-11-18,8.98,9.45,8.71,8.77,134656688.0,14739789,906,-7.417397167902906,10.749191345305094,8.2437935,8.41,0.16620651245117202,0.20825651245117172
917,2008-12-03,9.09,9.35,9.0,9.24,53481096.0,5816706,0,4.497412542879009,38.57998098947788,9.22128,8.95,-0.2712800979614265,-0.22653009796142776
922,2008-12-10,9.01,9.19,8.82,9.17,45195492.0,5009426,0,2.7214150966509143,-9.986780429587718,9.156089,8.8,-0.35608882904052663,-0.3120888290405279
927,2008-12-17,8.85,9.09,8.73,8.96,51399024.0,5764426,0,0.3494697786357248,22.452372231390964,8.814401,8.94,0.12559932708740185,0.1702993270874007
930,2008-12-22,9.97,10.2,9.76,10.12,113524624.0,11320647,0,-1.684120246965326,-16.366391066785045,9.741095,9.7,-0.04109458923339915,0.007405410766599729
936,2008-12-30,9.86,10.25,9.84,9.91,56679692.0,5639200,985,-1.1494748646725172,4.439824488223798,9.718823,9.51,-0.2088234329223635,-0.16127343292236418
942,2009-01-09,10.0,10.57,9.84,10.53,70148152.0,6916300,994,1.6085890285435722,-11.299664393302535,10.41459,10.329999999999998,-0.08458988189697436,-0.03293988189697572
948,2009-01-19,9.88,10.18,9.8,10.16,49339104.0,4931000,983,1.1179724752664375,-15.113592917770026,9.97397,9.949999999999998,-0.0239704132080103,0.025779586791989217
957,2009-02-06,10.34,10.8,10.34,10.73,60451560.0,5676000,1034,4.01260826510832,-7.328591710788977,10.678306,10.68,0.001694374084472372,0.05509437408447049
958,2009-02-09,10.78,10.95,10.68,10.83,67601872.0,6249200,1073,2.6545626832582325,21.430447263141023,10.7123995,10.75,0.03760051727294922,0.0913505172729483
962,2009-02-13,11.39,11.66,11.25,11.58,86502664.0,7542500,1134,3.481801633927706,17.177953492615433,11.5724745,11.17,-0.40247447967529304,-0.34662447967529353
964,2009-02-17,11.46,11.65,11.15,11.55,63886656.0,5592200,1161,-3.1255965072596203,-7.438087143211512,11.052462,10.76,-0.292461624145508,-0.23866162414550907
973,2009-03-02,10.1,10.46,10.1,10.36,23072472.0,2232800,1023,1.1296478843629387,-27.941244480494518,10.203733,10.05,-0.15373344421386648,-0.10348344421386813
976,2009-03-05,11.04,11.18,10.68,11.01,50141100.0,4599800,1096,0.8651510841739096,19.175898575127288,10.732241,10.75,0.017759323120117188,0.07150932312011626
985,2009-03-18,10.6,10.75,10.5,10.56,70879456.0,6659100,1046,0.4413537719600402,9.560650161074589,10.383602,10.47,0.08639785766601626,0.13874785766601505
986,2009-03-19,10.58,10.97,10.47,10.95,64042604.0,5987900,1056,2.139626604934297,-4.467754812892989,10.747607,10.709999999999999,-0.03760723114013764,0.0159427688598619
988,2009-03-23,11.04,11.27,10.88,11.25,67527072.0,6113400,1101,2.502689256420587,6.3222278163358006,11.093881,11.0,-0.09388065338134766,-0.03888065338134794
995,2009-04-01,10.9,11.39,10.8,11.35,117240472.0,10530400,1090,1.612176458156389,32.312284610070854,11.124773,11.13,0.005226974487305469,0.06087697448730367
999,2009-04-08,11.5,11.54,10.88,10.91,96095032.0,8625200,1157,-3.7874231164748973,15.386077922214316,10.698988,10.85,0.15101203918456996,0.20526203918456964
1008,2009-04-22,12.8,13.0,12.5,12.73,230479088.0,17985200,1282,-3.706306252429503,14.661112034013655,12.200833,12.73,0.5291666793823246,0.5928166793823237
1014,2009-04-30,12.25,12.44,12.1,12.25,73316736.0,5983600,1229,0.6739925615171671,4.792503770470512,11.906528,12.24,0.3334715270996096,0.39467152709960907
1015,2009-05-04,12.28,12.66,12.24,12.64,76984152.0,6154000,1225,3.483508900351917,19.93630927017416,12.39175,12.41,0.018249664306640767,0.08029966430664004
1019,2009-05-08,12.07,12.29,11.98,12.12,79284048.0,6532700,1207,0.8001214276421198,-12.592978538508735,11.871374,11.9,0.028625869750976918,0.08812586975097503
1022,2009-05-13,12.05,12.2,11.93,12.18,62765888.0,5200800,1205,0.9122988208968064,20.76409989534809,11.857602,12.01,0.152397880554199,0.2124478805541976
1035,2009-06-03,11.68,11.73,11.55,11.68,67092344.0,5769160,1168,2.592928693588359,3.4474508608429932,11.565914,11.5,-0.06591415405273438,-0.008414154052735157
1036,2009-06-04,11.69,11.76,11.5,11.53,63004348.0,5419959,1168,0.4885367372141847,16.109455498369773,11.342545,11.399999999999999,0.05745544433593608,0.11445544433593469
1038,2009-06-08,11.54,11.75,11.51,11.64,48623060.0,4172255,1156,0.31197798122688525,-11.394152700085964,11.468775,11.29,-0.17877479553222742,-0.1223247955322293
1042,2009-06-12,11.86,12.03,11.55,11.74,104105928.0,8779514,1185,-1.8685656209587287,-8.091430096357621,11.495037,11.64,0.1449629211425787,0.20316292114257806
1050,2009-06-24,11.68,11.84,11.61,11.75,49406304.0,4221626,1163,1.1942669995784527,-1.8675293637422816,11.546947,11.71,0.16305347442627038,0.22160347442626893
1054,2009-06-30,11.91,12.23,11.9,12.09,87036232.0,7190756,1190,-0.4245323069085538,2.1003922782048656,11.838584,11.98,0.14141605377197308,0.20131605377197204
1055,2009-07-01,12.1,12.28,11.98,12.08,63851812.0,5281887,1209,2.255824309088683,11.716919801673491,12.032534,11.85,-0.18253364562988317,-0.12328364562988448
1062,2009-07-10,13.0,13.04,12.69,12.7,104382984.0,8135320,1295,0.05918205105555074,-6.107638822657169,12.517656,12.55,0.0323436737060554,0.09509367370605482
1079,2009-08-04,13.43,13.94,13.17,13.8,164358032.0,12118715,1345,-0.011090485155917928,3.3865847264621163,13.317341,13.58,0.26265914916992195,0.33055914916992
1090,2009-08-19,12.59,12.59,11.48,11.61,109360360.0,9046379,1275,-4.962815141283539,5.509203252755723,11.272075,11.31,0.03792530059814503,0.09447530059814468
1091,2009-08-20,11.61,11.9,11.31,11.86,78678632.0,6739981,1161,4.30641849417992,-2.5547810022104267,11.687414,11.58,-0.10741416931152337,-0.04951416931152508
1092,2009-08-21,11.78,12.07,11.58,12.06,74933632.0,6328119,1186,1.8836721907905751,8.925627486065757,11.644647,11.8,0.15535335540771555,0.21435335540771483
1097,2009-08-28,12.8,13.2,12.63,12.8,126238992.0,9792712,1298,-3.4698856255742427,4.858327906097858,12.358603,11.9,-0.4586025238037106,-0.3991025238037125
1098,2009-08-31,12.62,12.71,11.9,12.18,101719888.0,8320471,1280,-7.106190798154121,0.5943551631219401,11.573082,12.08,0.5069180297851563,0.5673180297851559
1104,2009-09-08,13.03,13.36,12.81,13.14,96989120.0,7382265,1313,2.150627695935503,1.4191128138243414,13.019394,12.77,-0.24939392089843793,-0.1855439208984393
1122,2009-10-12,12.15,12.27,12.07,12.22,25314772.0,2077313,1216,-0.3818301930328616,3.676598845387735,11.905725,12.15,0.2442754745483402,0.30502547454833895
1124,2009-10-14,12.35,12.51,12.22,12.31,37656832.0,3038590,1237,0.9029175993897188,59.67699775981657,12.14909,12.31,0.16091018676757862,0.22246018676757728
1130,2009-10-22,12.78,13.0,12.73,12.76,43298444.0,3369709,1281,-0.6517712983189261,-27.01238870681554,12.644131,12.82,0.1758692932128909,0.23996929321288896
1133,2009-10-27,12.9,12.98,12.65,12.81,53217624.0,4146725,1300,-2.9148507427714465,8.426087559248984,12.497805,12.7,0.20219535827636648,0.2656953582763659
1134,2009-10-28,12.8,12.95,12.7,12.92,48277504.0,3757914,1281,0.4407612105999936,-15.651222576457846,12.789811,12.33,-0.45981113433837884,-0.3981611343383804
1136,2009-10-30,12.76,13.04,12.67,12.93,67353616.0,5203408,1263,1.0261622087741171,-1.0737920214929364,12.778532,12.71,-0.06853202819824133,-0.004982028198242006
1138,2009-11-03,13.49,13.5,13.31,13.41,102067808.0,7621503,1340,1.2564843197359066,2.2077512005868494,13.193763,13.33,0.13623722076416023,0.20288722076415944
1140,2009-11-05,13.47,13.75,13.37,13.55,91758720.0,6752681,1344,0.30197834904992504,-6.2946282642942455,13.394525,13.25,-0.14452457427978516,-0.07827457427978679
1141,2009-11-06,13.35,13.69,13.25,13.27,140173360.0,10463811,1355,0.5397884721965562,14.31227298198299,13.206095,13.2,-0.006094741821289773,0.059905258178709175
1143,2009-11-10,13.6,13.65,13.35,13.36,85300456.0,6339558,1353,0.22856064008422994,8.00770097422574,13.216653,13.14,-0.07665287017822209,-0.010952870178224217
1153,2009-11-24,14.65,14.99,13.67,13.8,163580032.0,11416537,1462,-3.2036469686346547,57.001111415620365,13.55743,13.7,0.14256973266601491,0.21106973266601337
1154,2009-11-25,13.78,14.28,13.7,14.23,97531464.0,6967682,1380,2.298426191066727,-22.338688706056164,13.855149,13.93,0.07485073089599581,0.14450073089599513
1162,2009-12-07,14.93,15.29,14.85,15.22,74920008.0,4952940,1495,0.6954870193139007,-31.987673742682155,14.778404,14.91,0.1315957641601564,0.20614576416015495
1165,2009-12-10,15.25,15.56,14.96,15.19,76857240.0,5027739,1519,0.6403186964056617,-15.991722131855626,15.008408,15.17,0.16159240722656243,0.2374424072265615
1167,2009-12-14,15.35,15.48,14.8,15.14,65686440.0,4377516,1530,1.0553787111680537,53.590504591380615,14.874667,15.02,0.14533283233642535,0.2204328323364244
1168,2009-12-15,15.13,15.53,15.02,15.5,94728080.0,6151674,1514,-0.8140613106359385,-17.42379225518127,15.038596,15.38,0.34140384674072344,0.41830384674072185
1172,2009-12-21,14.25,14.47,14.05,14.46,52212500.0,3658263,1422,0.14387895298577644,-26.89598700004833,14.04911,14.05,0.0008895874023444605,0.07113958740234239
1174,2009-12-23,14.08,14.4,14.08,14.38,38177692.0,2673654,1410,0.9360044047266092,-10.897086416814439,14.083387,14.31,0.2266126251220708,0.29816262512206926
1193,2010-01-20,17.08,17.15,15.58,15.71,235498928.0,14514970,1699,-3.223111749746266,23.519169151246032,15.631005,15.65,0.0189947128295902,0.09724471282958902
1197,2010-01-26,15.52,15.78,15.1,15.14,69933576.0,4535900,1565,-2.5603889411390024,8.624681615849772,14.926657,15.0,0.07334327697753906,0.14834327697753835
1200,2010-01-29,15.52,15.79,15.42,15.59,69994864.0,4473685,1558,-0.07515819083944164,6.962858365469461,15.313229,15.31,-0.0032286071777338776,0.07332139282226535
1203,2010-02-03,15.8,16.14,15.6,15.99,108602672.0,6830077,1575,2.6867417415985533,29.261622468909998,15.687893,15.83,0.1421070861816407,0.2212570861816392
1207,2010-02-09,15.07,15.23,15.01,15.1,33292178.0,2205782,1514,0.5775962475285557,-3.7552062320672763,14.876336,15.13,0.2536639022827156,0.3293139022827134
1209,2010-02-11,15.29,15.47,15.13,15.28,43612872.0,2846773,1528,0.1950761170207871,4.591358465341823,15.076146,15.2,0.12385387420654226,0.199853874206541
1210,2010-02-12,15.33,15.38,15.2,15.3,35321368.0,2311767,1528,0.9588870947708328,-4.841472667525948,15.166086,15.26,0.09391380310058572,0.17021380310058376
1211,2010-02-22,15.33,15.5,15.26,15.47,37054932.0,2399233,1530,-0.5517826825127359,12.406789805156679,15.188094,15.32,0.1319058609008792,0.2085058609008783
1212,2010-02-23,15.49,15.8,15.32,15.79,50983408.0,3275218,1547,-1.0735029412310526,11.647561791978074,15.389516,15.61,0.2204841232299799,0.2985341232299774
1214,2010-02-25,16.18,16.25,15.95,16.16,69489520.0,4311507,1610,1.4686482887858787,35.2017967315775,15.825472,16.03,0.20452812194824332,0.28467812194824305
1222,2010-03-09,15.68,15.68,15.35,15.49,46354000.0,2996455,1566,0.5988716381938985,30.472660229890188,15.283632,15.26,-0.023632278442383026,0.05266772155761501
1223,2010-03-10,15.45,15.63,15.26,15.3,46811764.0,3035505,1549,-0.7916245697034974,-14.351440528421245,15.144063,15.12,-0.024062995910645313,0.05153700408935258
1225,2010-03-12,15.25,15.41,15.07,15.09,35994272.0,2362920,1530,-1.3299925840248306,-15.857582988658507,14.927101,15.03,0.10289886474609311,0.17804886474609205
1239,2010-04-01,15.91,16.67,15.91,16.4,311695424.0,18977234,1583,1.3847997824014024,27.573795013945322,15.991051,16.4,0.40894927978515483,0.490949279785152
1241,2010-04-06,16.6,17.15,16.59,16.92,208109392.0,12318841,1653,-0.06456630519318107,-5.619730717960937,16.416702,16.47,0.05329772949218636,0.1356477294921845
1244,2010-04-09,16.81,17.53,16.63,17.43,184585952.0,10743453,1681,0.9690026712562141,-17.535898583913422,16.829834,17.41,0.5801660156250001,0.667216015624998
1245,2010-04-12,17.43,18.86,17.41,18.53,338863328.0,18553212,1743,-0.8194319906959402,45.406251065827725,17.65551,17.89,0.23449005126953182,0.3239400512695312
1246,2010-04-13,18.72,19.4,17.89,18.84,389331456.0,20717496,1853,1.2006635874300289,7.164935630116752,18.205595,18.31,0.10440498352050653,0.19595498352050456
1254,2010-04-26,19.38,19.38,18.08,18.41,140614528.0,7593687,1920,-0.5642633228840177,-16.911064412382682,18.372046,17.42,-0.9520455169677717,-0.8649455169677722
1258,2010-04-30,17.2,17.34,16.6,16.97,77491480.0,4577686,1725,0.2385574139069257,12.881858510472169,16.659973,16.61,-0.04997314453125057,0.03307685546874595
1265,2010-05-12,15.55,16.0,15.4,15.77,48583200.0,3082950,1564,0.6191044051384821,-9.185912288658551,15.266898,15.7,0.43310184478759695,0.5116018447875952
1266,2010-05-13,15.77,16.33,15.7,16.29,56769300.0,3545687,1577,2.4395350157549567,4.0441795409106085,15.765535,16.15,0.38446464538574077,0.4652146453857391
1284,2010-06-08,18.0,18.3,17.0,17.68,107353208.0,6055241,1810,0.13428694374788552,-11.131990742095377,17.373491,17.36,-0.013491287231445881,0.07330871276855078
1298,2010-07-01,16.06,16.29,14.99,15.15,97594072.0,6347117,1613,-1.443581330201671,-7.958666614900213,14.868557,13.88,-0.9885569763183586,-0.9191569763183605
1308,2010-07-15,14.46,14.57,14.25,14.43,64948756.0,4497303,1443,-1.6991946819615578,-13.38306611041692,13.998603,14.19,0.19139713287353466,0.26234713287353273
1321,2010-08-03,16.45,16.45,15.8,15.86,75789328.0,4682265,1645,-1.7584933859395968,13.945642310849935,15.688077,15.38,-0.308076972961425,-0.23117697296142659
1325,2010-08-09,16.49,17.05,16.45,16.69,91486264.0,5447193,1649,0.7102282531421977,-0.2516241930259677,16.47623,16.98,0.5037693786621098,0.5886693786621073
1326,2010-08-10,16.98,17.75,16.98,17.31,230253728.0,13241284,1669,-2.93327485059488,4.962962817246175,16.939852,16.93,-0.009851760864258097,0.0747982391357418
1331,2010-08-17,18.11,18.45,18.0,18.24,54493120.0,2995130,1820,0.6916306192848998,-5.69291033706093,17.914911,17.61,-0.30491127014160213,-0.21686127014160306
1332,2010-08-18,18.25,18.4,17.61,17.79,77276552.0,4302142,1824,-0.16755656308521386,-7.46251758206411,17.680248,17.58,-0.10024826049804858,-0.012348260498050934
1333,2010-08-19,17.85,17.98,17.58,17.68,62672300.0,3530708,1779,0.6141569300324168,8.731412797041882,17.525377,17.3,-0.2253772735595696,-0.13887727355957225
1336,2010-08-24,17.45,18.06,17.36,17.74,49357024.0,2795641,1759,0.5400198191416905,24.896555831148625,17.482233,17.48,-0.002233047485351136,0.08516695251464768
1337,2010-08-25,17.66,18.01,17.48,17.85,54718180.0,3070652,1774,-2.3631187260245268,4.119608151374332,17.455278,17.44,-0.015278396606444034,0.07192160339355524
1352,2010-09-15,18.96,18.96,17.88,17.89,88277624.0,4810658,65536,-1.747717545640659,2.159217605399077,17.866543,17.26,-0.6065428161621078,-0.52024281616211
1353,2010-09-16,17.92,18.09,17.26,17.78,73969272.0,4193624,65536,-1.9016953923362443,3.4273307314214074,17.33936,17.29,-0.04935928344726648,0.03709071655273277
1356,2010-09-21,17.61,17.8,17.39,17.76,21835404.0,1239072,65536,0.2684370646670153,-28.898818577309786,17.43657,17.81,0.3734307861328112,0.46248078613280796
1357,2010-09-27,17.81,18.85,17.81,18.82,118176400.0,6428396,65536,1.6640536416702822,37.256618749654045,18.22399,18.48,0.2560105133056645,0.3484105133056623
1358,2010-09-28,18.7,18.8,18.48,18.63,40865928.0,2196579,65536,-0.8302840246056098,19.540751522518327,18.269644,18.12,-0.14964378356933494,-0.05904378356933648
1370,2010-10-21,18.2,18.38,17.75,18.02,82799704.0,4593248,65536,-0.6532465085608008,-25.608364480161534,17.752481,17.8,0.04751853942871165,0.13651853942871028
1372,2010-10-25,17.51,18.81,17.51,18.68,119580184.0,6498879,65536,3.0313793042211934,24.98348578263063,18.037472,18.25,0.21252822875976562,0.30377822875976435
1376,2010-10-29,18.32,19.16,18.21,19.05,192980800.0,10232069,65536,-0.52123648714274,2.1449167954726622,18.316027,19.0,0.6839733123779297,0.7789733123779286
1384,2010-11-10,20.07,20.6,19.82,20.42,138894544.0,6831300,65536,-0.7048908185416813,-1.9402752530198293,19.966597,19.8,-0.16659660339355398,-0.06759660339355733
1392,2010-11-22,18.27,18.76,18.27,18.61,71016376.0,3823277,65536,-0.21737420765370885,-0.16182579056154278,18.192038,17.9,-0.29203758239746236,-0.2025375823974649
1395,2010-11-25,18.8,19.31,18.79,18.92,61131632.0,3210248,65536,1.4617379699342736,10.765680009140333,18.661074,18.449999999999996,-0.21107368469238708,-0.11882368469239069
1404,2010-12-08,18.31,18.49,18.0,18.06,32757660.0,1799302,65536,-0.8892805139453897,1.7646127542682688,17.839697,17.65,-0.18969688415527486,-0.10144688415527625
1405,2010-12-09,18.02,18.06,17.65,17.7,30060656.0,1686139,65536,-1.5293768995043977,11.152193667068786,17.453917,17.61,0.15608345031738224,0.24413345031738132
1412,2010-12-20,18.2,18.37,17.4,17.49,96081528.0,5423002,65536,-1.4570661508032434,66.43168446631455,17.256552,17.46,0.20344825744628992,0.29074825744628896
1418,2010-12-28,16.48,16.48,15.82,16.16,73584960.0,4555761,65536,-1.7672620987124632,-19.55430406457668,15.770267,16.0,0.22973346710205078,0.3097334671020491
1420,2010-12-30,16.26,16.48,16.08,16.44,37360720.0,2299867,65536,0.07413866870467077,20.110856215401697,15.981893,16.44,0.45810741424560675,0.5403074142456035
1422,2011-01-04,16.95,17.04,16.77,16.98,61411692.0,3641567,65536,1.9633917896849875,36.512376562903626,16.619461,16.6,-0.01946105957031108,0.06353894042968733
1425,2011-01-07,16.6,16.72,16.45,16.62,41043068.0,2473315,65536,0.22091124305301246,40.90431354707786,16.22437,16.42,0.19563095092773608,0.27773095092773303
1437,2011-01-25,15.21,15.28,14.97,15.05,18319532.0,1214623,65536,-0.5273793848143193,-25.185909605316247,14.82975,15.05,0.22024993896484446,0.29549993896484317
1445,2011-02-11,15.9,16.48,15.83,16.31,87006608.0,5352897,65536,0.541209216019789,14.07113470727781,15.904475,16.3,0.39552478790283274,0.4770247879028311
1453,2011-02-23,16.88,17.15,16.87,17.04,47066252.0,2766663,65536,0.3527649055816484,-33.875041474780666,16.772793,16.93,0.15720718383789034,0.24185718383789023
1456,2011-02-28,17.02,17.39,16.98,17.31,55118216.0,3190939,65536,1.311600502874022,24.361513503688574,17.024357,17.26,0.23564315795898594,0.32194315795898376
1459,2011-03-03,17.41,17.45,16.7,16.74,85214712.0,5011518,65536,-0.6653716893287864,25.100970340847997,16.675072,16.78,0.10492828369140739,0.18882828369140725
1460,2011-03-04,16.84,17.05,16.78,17.03,40207016.0,2372140,65536,1.5193747439256056,-20.9504866908858,16.780851,16.95,0.1691486358642571,0.25389863586425676
1463,2011-03-09,17.5,18.03,17.48,17.6,141762640.0,7983830,65536,0.04194806829145303,-8.073047340347228,17.442993,17.29,-0.15299316406250085,-0.0665431640625016
1472,2011-03-22,17.44,17.44,17.18,17.32,39315000.0,2280054,65536,0.4942144173414764,-3.140769542196542,17.062538,17.2,0.13746185302734304,0.22346185302734156
1473,2011-03-23,17.34,17.5,17.2,17.44,55856448.0,3219843,65536,1.3022190781145189,25.902605900949613,17.128948,17.34,0.21105178833007798,0.2977517883300749
1474,2011-03-24,17.5,17.6,17.34,17.45,51239436.0,2931448,65536,-0.4156291252798594,-14.946867323593038,17.202753,17.28,0.07724693298339957,0.16364693298339716
1476,2011-03-28,17.42,17.52,17.1,17.12,72127344.0,4181957,65536,-0.11868337340035227,12.415213136617064,16.929214,16.54,-0.38921447753906335,-0.30651447753906425
1478,2011-03-30,16.55,16.72,16.2,16.22,57862248.0,3527626,65536,-0.058318344495666974,-25.592500976727205,16.101233,16.21,0.10876747131347742,0.18981747131347504
1481,2011-04-06,16.41,16.79,16.4,16.68,32417684.0,1948583,65536,1.1714990237508216,67.72191182647575,16.26782,16.53,0.26217964172363395,0.3448296417236314
1485,2011-04-12,15.9,16.0,15.16,15.54,254495600.0,16472702,65536,-0.199794205968018,-2.3769642267237767,15.24131,15.17,-0.07131011962890632,0.004539880371092764
1486,2011-04-13,15.31,15.75,15.17,15.69,115537208.0,7478488,65536,1.3604787827231846,-14.618782033160276,15.161466,15.45,0.2885343551635735,0.3657843551635711
1490,2011-04-19,15.9,15.9,15.45,15.48,50643148.0,3249454,65536,-1.8940656776129439,-1.7043731545950846,15.175478,15.41,0.23452201843261733,0.3115720184326154
1495,2011-04-26,15.36,15.41,15.07,15.2,49189768.0,3246186,65536,-0.5726911560606562,-20.59263015425219,14.865377,14.97,0.1046225738525397,0.17947257385253756
1505,2011-05-12,14.86,15.07,14.74,14.75,22484036.0,1508387,65536,-1.3824767573479837,2.3296334152279385,14.552954,14.67,0.11704627990722649,0.1903962799072243
1514,2011-05-25,13.95,13.98,13.6,13.72,18763300.0,1359652,65536,-1.1856375280052234,-5.573897765826496,13.504287,13.45,-0.054286766052246804,0.012963233947751007
1518,2011-05-31,13.02,13.15,12.61,13.14,47268424.0,3661832,65536,1.5924806482292997,14.473813394186985,12.914586,12.82,-0.09458606719970675,-0.0304860671997087
1521,2011-06-03,13.07,13.43,13.07,13.37,49069300.0,3690333,65536,1.0366375591651429,-25.735940607398614,13.18167,13.05,-0.13167018890380788,-0.06642018890380896
1527,2011-06-14,12.69,13.06,12.64,12.96,29259114.0,2264776,65536,1.4645719999322182,45.97230816662263,12.646216,12.89,0.24378360748291072,0.30823360748290973
1529,2011-06-16,12.82,12.84,12.57,12.6,16588733.0,1307699,65536,-1.5368935446421372,-7.333425364307045,12.411036,12.39,-0.021035537719725994,0.04091446228027351
1546,2011-07-11,13.2,13.36,13.13,13.32,37378232.0,2815348,65536,0.12961616889342056,-6.5557000988620056,13.168576,13.04,-0.12857624053955163,-0.0633762405395526
1555,2011-07-22,14.63,14.96,14.25,14.93,122097632.0,8307893,65536,0.28929699196504904,-15.487090518565724,14.530449,14.67,0.13955108642578118,0.21290108642577898
1560,2011-07-29,15.29,15.36,14.9,15.17,47961536.0,3176431,65536,-0.29922844682992444,-3.8237844820322775,14.866766,14.96,0.09323402404785242,0.1680340240478504
1562,2011-08-02,14.89,15.65,14.5,15.57,131056816.0,8778851,65536,-0.7166556963045467,15.024686937735245,14.974422,15.2,0.22557754516601491,0.30157754516601365
1566,2011-08-08,14.06,14.58,13.81,14.38,57998072.0,4064401,65536,-3.5728337624507334,45.01688611361949,13.824028,13.84,0.015971984863281108,0.0851719848632797
1567,2011-08-09,13.84,14.55,13.84,14.31,42488496.0,2987511,65536,0.15354880274884852,-2.342201237102404,13.971675,14.32,0.3483250808715823,0.41992508087158065
1571,2011-08-15,14.99,15.46,14.95,15.31,74573760.0,4900485,65536,1.478418429628192,4.682152893437164,15.0646515,15.02,-0.044651489257812926,0.03044851074218613
1578,2011-08-24,15.35,15.35,15.06,15.17,38192264.0,2516745,65536,-0.3892236795462578,8.21891095891376,14.9566555,15.1,0.1433444976806637,0.21884449768066183
1580,2011-08-26,15.35,15.39,15.2,15.29,21901806.0,1433683,65536,-0.09022535676898036,-36.85115709499632,15.081921,15.05,-0.031920623779296164,0.04332937622070254
1584,2011-09-01,14.81,15.23,14.81,14.91,33279706.0,2204229,65536,-0.429959462972207,-6.195350869890302,14.746388,14.39,-0.35638843536376896,-0.28443843536376967
1589,2011-09-08,14.07,14.18,13.77,13.78,19006938.0,1361755,65536,-0.8268893774580843,-19.319321789821075,13.6633005,13.45,-0.21330051422119212,-0.1460505142211943
1593,2011-09-15,13.81,14.0,13.65,13.81,22230222.0,1611125,65536,-0.148548722883457,2.455712087318296,13.578767,13.7,0.12123317718505788,0.18973317718505633
1598,2011-09-22,13.78,13.86,13.2,13.4,30082258.0,2211880,65536,-3.0790217285394217,-16.178743877189678,13.016225,13.0,-0.01622486114501953,0.048775138854978195
1599,2011-09-23,13.1,13.37,13.0,13.27,21737134.0,1654970,65536,-0.6035692875946186,-9.575756443478989,12.9570675,12.9,-0.05706748962402308,0.007432510375975809
1600,2011-09-26,13.15,13.5,12.9,12.92,14917109.0,1139257,65536,-2.193685661626976,-8.022825950577273,12.696067,12.8,0.10393314361572337,0.16793314361572165
1602,2011-09-28,12.91,13.2,12.77,12.85,12302366.0,948458,65536,-1.0345428905029763,-2.433954750808731,12.607334,12.3,-0.3073341369628899,-0.24583413696289114
1603,2011-09-29,12.8,12.83,12.3,12.48,15585358.0,1245947,65536,-0.8580435840174094,8.557436583531741,12.304868,12.3,-0.004867744445800071,0.05663225555419871
1605,2011-10-10,12.6,12.75,12.51,12.57,6794947.0,539348,65536,-0.9402057063164659,-11.624350851282385,12.394915,12.3,-0.0949146270751946,-0.033414627075195824
1607,2011-10-12,12.59,13.07,12.49,12.99,25181518.0,1956051,65536,3.6352023322975486,46.44881768199618,12.798529,12.5,-0.29852867126464844,-0.2360286712646502
1609,2011-10-14,12.79,13.0,12.7,12.9,48352948.0,3769728,65536,-0.331255164125277,-36.55575335606487,12.659804,12.65,-0.009804344177245738,0.053445655822752514
1611,2011-10-18,12.67,12.67,12.09,12.17,59049912.0,4810819,65536,-2.802452239449549,8.891821977877012,11.974844,12.1,0.1251560211181637,0.18565602111816304
1612,2011-10-19,12.26,12.38,12.1,12.33,10376653.0,847889,65536,-0.35220911885996964,-20.971701538559696,12.108944,11.9,-0.20894393920898402,-0.1494439392089859
1618,2011-10-27,12.49,12.5,12.2,12.4,17004348.0,1371591,65536,0.2198631041049781,-33.21263138483225,12.251025,12.31,0.05897480010986378,0.12052480010986244
1621,2011-11-01,12.64,12.81,12.52,12.72,21467258.0,1688608,65536,0.08236529378811143,9.521551244594216,12.532031,12.46,-0.07203105926513587,-0.009731059265137176
1623,2011-11-03,12.86,13.42,12.85,13.3,70178744.0,5298769,65536,0.06964727846878738,31.787868987189608,12.945826,13.12,0.17417442321777266,0.23977442321777076
1627,2011-11-09,13.37,13.5,13.21,13.4,14007706.0,1051054,65536,0.8776592819617957,-2.1015092811724423,13.313632,13.1,-0.21363201141357457,-0.14813201141357624
1632,2011-11-16,14.22,14.49,13.7,13.73,43919320.0,3143016,65536,-2.7165279741172004,33.97849906790884,13.681017,13.78,0.09898307800292905,0.16788307800292834
1634,2011-11-18,13.61,13.79,13.4,13.49,20930346.0,1545184,65536,-2.0856342176242104,20.333456537757467,13.30127,13.3,-0.0012695312499992895,0.0652304687499985
1640,2011-11-28,14.15,14.29,14.01,14.28,14978521.0,1055793,65536,0.13035171616790908,7.3312166724387895,14.109711,14.14,0.03028930664062557,0.10098930664062422
1647,2011-12-07,12.75,12.82,12.64,12.8,9515494.0,747278,65536,0.4725116637656289,-11.543807014036766,12.641339,12.3,-0.34133930206298757,-0.2798393020629888
1648,2011-12-08,12.8,12.8,12.3,12.58,21247366.0,1692857,65536,-0.12775736384743608,19.413361944427532,12.424338,12.279999999999998,-0.14433834075927976,-0.08293834075928075
1650,2011-12-12,12.42,12.44,12.21,12.26,7090550.5,576105,65536,-1.0293753445231757,-8.855153254232716,12.13252,11.88,-0.2525197219848625,-0.19311972198486416
1652,2011-12-14,12.07,12.22,11.94,12.01,8609976.0,710057,65536,-1.0095254610992033,-29.110142374330767,11.849944,11.88,0.030055885314942188,0.08945588531494053
1659,2011-12-23,12.08,12.35,12.08,12.3,13856125.0,1131081,65536,0.7611026164503931,-9.600827699202195,12.053908,12.25,0.1960916519165039,0.25734165191650327
1678,2012-01-30,10.67,10.94,10.67,10.79,11268983.0,1041016,65536,-1.7319665028014295,-20.19563327438879,10.515145,10.76,0.24485469818115213,0.2986546981811511
1680,2012-02-01,10.88,10.93,10.57,10.6,15538148.0,1446371,65536,-1.4312613117122508,14.05101659361867,10.472678,10.58,0.10732181549072273,0.160221815490722
1686,2012-02-09,11.1,11.3,11.02,11.16,27853708.0,2493821,65536,0.03915767490429989,5.5410061812761535,10.973637,11.11,0.1363633728027338,0.19191337280273224
1688,2012-02-13,11.1,11.34,11.01,11.27,22218580.0,1978399,65536,-0.06472951744933564,-15.691053819663825,11.112026,11.1,-0.01202621459960973,0.04347378540038882
1691,2012-02-16,11.38,11.53,11.27,11.36,25795438.0,2261636,65536,-0.5310616133447854,-6.360673894829727,11.251293,11.2,-0.051293182373047586,0.004706817626951576
1695,2012-02-22,11.31,11.56,11.27,11.5,71034552.0,6210685,65536,1.367051064411018,59.46750637355096,11.359257,11.46,0.10074325561523523,0.15804325561523314
1701,2012-03-01,11.8,11.9,11.75,11.76,38143160.0,3229656,65536,-0.02999081294084993,-28.707215600703417,11.709416,11.74,0.030583610534668182,0.08928361053466638
1705,2012-03-07,11.5,11.64,11.46,11.57,32163378.0,2782719,65536,-0.6886553098948922,-8.804909713410769,11.387244,11.57,0.18275577545166044,0.24060577545165884
1707,2012-03-09,11.76,11.9,11.67,11.87,41352168.0,3512520,65536,1.0816491450381216,-3.9800440709968687,11.707039,11.85,0.1429611206054684,0.2022111206054671
1709,2012-03-13,11.99,12.05,11.88,12.02,51171060.0,4279939,65536,1.0047468354430489,-6.293794672298536,11.912197,11.45,-0.4621971130371101,-0.40494711303711206
1712,2012-03-16,11.36,11.56,11.25,11.55,65616068.0,5753855,65536,1.4685463441047375,-19.94695722346952,11.342751,11.51,0.16724945068359354,0.22479945068359264
1716,2012-03-22,11.36,11.42,11.21,11.29,27257006.0,2410205,65536,-0.15611776844334235,-22.543437060277906,11.129175,11.01,-0.11917518615722678,-0.06412518615722718
1721,2012-03-29,10.45,10.45,10.06,10.25,38972876.0,3799184,65536,-1.284092286557037,-7.748074772941294,10.0734825,9.85,-0.22348251342773473,-0.17423251342773582
1723,2012-04-05,9.96,10.3,9.96,10.23,36552040.0,3596384,65536,2.359770255407545,46.7349793607847,10.02937,10.09,0.06062969207763658,0.11107969207763624
1724,2012-04-06,10.25,10.37,10.09,10.29,44077640.0,4303041,65536,0.2785703768261261,-22.01866288451525,10.054721,10.15,0.09527912139892614,0.1460291213989251
1754,2012-05-23,10.68,10.76,10.51,10.69,25825260.0,2429256,65536,-0.40532517354768816,2.211652912716189,10.483617,10.3,-0.18361682891845632,-0.13211682891845733
1756,2012-05-25,10.41,10.41,10.08,10.12,29345638.0,2876455,65536,-0.8538643527045586,-8.335021237246721,10.004232,9.91,-0.0942324066162108,-0.04468240661621259
1764,2012-06-06,10.22,10.4,10.08,10.16,16549919.0,1621291,65536,-0.056275499835867215,-10.381750512375486,10.078977,9.98,-0.09897663116455035,-0.04907663116455119
1765,2012-06-07,10.23,10.3,9.98,10.0,25653232.0,2536023,65536,-0.5951356846797595,2.9047814065541466,9.903231,9.89,-0.013230667114257244,0.036219332885741196
1767,2012-06-11,9.98,10.1,9.9,10.08,14173433.0,1417593,65536,1.3441190335653497,-8.569248210057058,10.013986,9.97,-0.04398563385009702,0.005864366149902267
1770,2012-06-14,10.16,10.28,10.09,10.11,19784524.0,1941483,65536,-0.7835265670531277,-10.58909195796347,9.996032,10.11,0.11396823883056584,0.16451823883056527
1781,2012-07-02,9.48,9.62,9.41,9.54,23572088.0,2472308,65536,0.1474644643139955,6.619662865116704,9.391933,9.49,0.09806655883789084,0.1455165588378904
1783,2012-07-04,9.51,9.84,9.43,9.76,55080488.0,5734246,65536,-0.15392592112510872,-10.961086495629203,9.590941,9.53,-0.06094142913818423,-0.013291429138185151
1793,2012-07-18,8.75,8.85,8.62,8.83,16534456.0,1887347,65536,0.005384806561181677,24.91436402507885,8.627646,8.76,0.13235355377197244,0.17615355377197162
1794,2012-07-19,8.76,9.03,8.76,8.93,14377287.0,1611595,65536,0.4137793922123434,12.4480034244282,8.81716,8.86,0.042840347290038494,0.08714034729003828
1798,2012-07-25,8.91,8.98,8.79,8.82,8956696.0,1006549,65536,-0.6696156128603192,-17.86065288711389,8.727455,8.75,0.02254486083984375,0.06629486083984304
1800,2012-07-27,9.01,9.01,8.81,8.88,12036155.0,1351407,65536,0.06900987863633913,-0.7139564695692657,8.83298,8.72,-0.11298015594482358,-0.06938015594482394
1815,2012-08-17,8.92,8.98,8.76,8.92,12670173.0,1432624,65536,-0.26684830169808604,0.6285472613978937,8.872155,8.78,-0.0921551895141608,-0.048255189514161856
1819,2012-08-23,9.04,9.16,8.93,9.14,13307501.0,1467851,65536,0.28794340452780176,-1.1765647551192358,9.098396,9.0,-0.09839630126953125,-0.0533963012695331
1820,2012-08-24,9.07,9.24,9.0,9.0,16963860.0,1863849,65536,-1.1519416210581168,1.7049407024183785,8.944615,8.66,-0.2846153640747069,-0.24131536407470833
1821,2012-08-27,8.93,8.95,8.66,8.69,32486098.0,3707314,65536,-2.0864093369893806,17.309917783381668,8.590516,8.65,0.05948390960693395,0.10273390960693263
1822,2012-08-28,8.69,8.84,8.65,8.75,24935416.0,2864865,65536,0.4582173952069058,-9.66286188395068,8.733746,8.67,-0.06374557495117195,-0.0203955749511735
1834,2012-09-13,9.15,9.22,8.98,9.0,12727987.0,1401440,65536,-0.9314374135263259,-15.260549656105725,8.889156,8.92,0.030843658447265554,0.07544365844726464
1839,2012-09-20,8.84,8.85,8.54,8.58,13303812.0,1541900,65536,-2.2388524823705347,23.86067874933195,8.447661,8.5,0.052338600158691406,0.09483860015869006
1846,2012-10-08,8.84,8.88,8.7,8.73,5407148.0,618839,65536,-1.0056211869469809,-38.60230242938222,8.614242,8.73,0.11575839996337933,0.15940839996337886
1847,2012-10-09,8.77,8.97,8.73,8.95,13027049.0,1463118,65536,2.2074403647496688,47.881634439888494,8.944084,8.9,-0.044084167480468395,0.00041583251953092315
1850,2012-10-12,8.93,9.1,8.84,8.96,8589930.0,960987,65536,0.08686097466699128,-10.717771909428553,8.944783,8.83,-0.11478321075439446,-0.0706332107543961
1861,2012-10-29,8.72,8.74,8.6,8.65,6163891.0,711276,65536,-0.5364983473537643,-32.564853272399795,8.64439,8.6,-0.04439010620117223,-0.0013901062011729692
1863,2012-10-31,8.69,8.72,8.57,8.6,11046864.0,1282851,65536,0.6670000178581104,9.056299855133588,8.615893,8.6,-0.015893363952637074,0.027106636047362187
1865,2012-11-02,8.77,8.85,8.74,8.8,16662999.0,1894087,65536,0.3868783400351683,-21.528898276888874,8.736084,8.74,0.003916015625000213,0.04761601562499962
1867,2012-11-06,8.78,8.8,8.56,8.62,17514240.0,2032578,65536,-0.420091403548406,-0.5814802249900386,8.587314,8.53,-0.05731365203857486,-0.014663652038576558
1871,2012-11-12,8.3,8.37,8.24,8.36,13353652.0,1605867,65536,0.4877461042785969,13.815587966657315,8.307137,8.25,-0.05713653564453125,-0.015886535644531463
1889,2012-12-06,7.9,7.96,7.81,7.86,11089522.0,1409438,65536,-0.1938511150968436,-41.112383350400854,7.7261915,7.82,0.09380847930908232,0.13290847930908178
1897,2012-12-18,8.23,8.25,8.1,8.14,27529840.0,3364447,65536,0.059999154941481336,-8.825066736586884,8.074606,8.1,0.025394058227538707,0.06589405822753847
1903,2012-12-26,8.42,8.55,8.41,8.52,29678692.0,3493084,65536,0.37657245548112783,-25.03657972814281,8.429148,8.43,0.0008522796630856533,0.04300227966308512
1909,2013-01-08,8.84,9.02,8.74,8.95,47194216.0,5306735,65536,-0.420348660680836,-4.4312650465471375,8.792396,8.77,-0.02239559173584027,0.021454408264158786
1915,2013-01-16,9.25,9.25,8.91,9.04,70779208.0,7815881,65536,-0.7230744339063011,-5.1558299488632215,8.880215,8.86,-0.020214691162109943,0.02408530883788984
1921,2013-01-24,8.88,8.96,8.61,8.66,44093404.0,4995465,65536,-0.9476655442461236,46.92103100202321,8.52334,8.56,0.036659774780273935,0.07945977478027366
1928,2013-02-04,9.16,9.16,8.98,9.06,26725944.0,2950000,65536,0.1716897773500703,23.16112469335268,8.901687,8.95,0.048313331604003196,0.09306333160400193
1932,2013-02-08,9.2,9.42,9.18,9.41,64701304.0,6940947,65536,0.4297303858515011,-13.946162613582304,9.313652,9.41,0.09634796142578139,0.1433979614257801
1933,2013-02-18,9.45,10.35,9.41,10.02,196408832.0,19936502,65536,-1.2360511305213762,-1.280410123027298,9.746554,9.79,0.04344562530517493,0.09239562530517453
1937,2013-02-22,9.88,9.93,9.68,9.79,41554692.0,4253128,65536,-0.5343701518837118,-40.18869680521317,9.699,9.78,0.08099964141845639,0.1298996414184561
1938,2013-02-25,9.78,10.2,9.78,10.14,53954984.0,5366168,65536,0.32195948548101594,-11.698243191429155,9.890212,9.87,-0.020212059020996875,0.029137940979001797
1941,2013-02-28,9.96,10.04,9.7,9.85,44682640.0,4548459,65536,3.031202306257419,37.477578119119634,9.856923,9.8,-0.05692310333251882,-0.007923103332519332
1942,2013-03-01,9.86,10.0,9.8,9.88,35234120.0,3564894,65536,-0.16795532164004534,-15.621763248094465,9.669754,9.38,-0.2897540283203117,-0.24285402832031266
1944,2013-03-05,9.47,9.69,9.46,9.67,36956296.0,3851794,65536,3.0282199142089627,-18.946050394207226,9.812898,9.68,-0.1328976821899417,-0.08449768218994258
1946,2013-03-07,9.79,10.15,9.79,10.02,80939456.0,8091634,65536,-1.1591577994113589,-1.8230119420657,9.763545,10.0,0.23645496368408203,0.28645496368408097
1954,2013-03-19,9.21,9.35,9.12,9.28,20372024.0,2205726,65536,0.9035001138865796,-8.821362552329537,9.20293,9.28,0.07706954956054624,0.12346954956054468
1955,2013-03-20,9.29,9.67,9.28,9.59,24367116.0,2551031,65536,3.368975486119364,66.31184970587391,9.507844,9.5,-0.007843971252441406,0.039656028747558025
1957,2013-03-22,9.61,9.74,9.53,9.55,28072820.0,2910790,65536,0.1269603325442903,-19.99290294118611,9.473381,9.47,-0.0033810424804681105,0.04396895751953167
1967,2013-04-09,8.94,9.12,8.9,9.1,30223768.0,3332899,65536,0.6928770780245008,-1.7016940538162384,8.989537,8.96,-0.02953723907470618,0.01526276092529244
1968,2013-04-10,9.07,9.15,8.96,9.05,21302052.0,2350372,65536,-0.16549973287057762,-9.32415997427286,8.931505,9.01,0.07849479675292947,0.12354479675292929
1973,2013-04-17,8.74,8.82,8.65,8.8,20473732.0,2344732,65536,-0.045536044625338334,-19.154000698219463,8.656195,8.67,0.013805313110351491,0.05715531311034994
1977,2013-04-23,8.93,8.94,8.57,8.58,24578352.0,2819729,65536,-3.2086364480552687,-2.9720765250344505,8.381993,8.53,0.14800670623779233,0.19065670623779063
1979,2013-04-25,8.83,8.92,8.73,8.76,27081948.0,3069792,65536,-1.1099624135471386,-3.95392986836226,8.611388,8.89,0.278611793518067,0.3230617935180664
1980,2013-04-26,8.9,9.18,8.89,8.94,55623996.0,6139613,65536,-0.8335089226380599,-22.18462497898912,8.85852,8.87,0.011480445861815625,0.05583044586181529
1981,2013-05-02,9.0,9.24,8.87,9.13,32503244.0,3558823,65536,0.09520657374830764,-0.2276789240363897,9.01696,9.08,0.06303985595703132,0.10843985595703032
1983,2013-05-06,9.17,9.5,9.16,9.47,45408792.0,4834510,65536,1.3265621302012591,-3.0664338353043608,9.338338,9.4,0.061662101745605824,0.10866210174560464
1992,2013-05-17,9.58,9.82,9.58,9.78,29777142.0,3055839,65536,1.5411072938171566,15.614710691601985,9.729696,9.68,-0.04969627380371122,-0.0012962738037121113
1995,2013-05-22,9.81,9.87,9.65,9.72,38085292.0,3913833,65536,0.12161309444136405,3.756080923789407,9.688867,9.5,-0.18886661529541016,-0.14136661529541072
2002,2013-05-31,10.08,10.34,9.99,10.12,64844604.0,6356038,65536,-1.0587172401226974,-10.859913659392884,9.985894,9.83,-0.15589420318603509,-0.10674420318603595
2012,2013-06-19,9.48,9.48,9.15,9.31,17167736.0,1849686,65536,-0.743359173126612,11.75372497096927,9.117114,9.06,-0.05711406707763622,-0.011814067077636992
2015,2013-06-24,9.06,9.06,8.44,8.56,25965682.0,2998732,65536,-6.307958522303102,47.51057297611389,8.125117,8.11,-0.015117301940918537,0.025432698059081105
2018,2013-06-27,8.5,8.76,8.36,8.4,33456772.0,3915661,65536,-0.34866024074161617,-4.857237695780025,8.2541485,8.25,-0.0041484832763671875,0.0371015167236326
2026,2013-07-09,8.26,8.26,8.15,8.19,5554157.0,676350,65536,-0.043907895101724666,-24.25603376611576,8.171825,8.17,-0.001825408935546946,0.039024591064452
2032,2013-07-17,8.76,8.78,8.5,8.68,15525372.0,1790877,65536,-1.5104514959984328,3.09503556746642,8.479316,8.45,-0.029315757751465554,0.012934242248533678
2035,2013-07-22,8.32,8.45,8.3,8.45,8212065.0,979240,65536,0.5345860268069158,-24.458379566696852,8.484975,8.43,-0.054974861145019815,-0.01282486114502035
2038,2013-07-25,8.76,8.83,8.58,8.59,16533101.0,1907373,65536,-0.509970433274809,-5.486225654223532,8.5774765,8.5,-0.07747650146484375,-0.0349765014648451
2043,2013-08-01,8.45,8.59,8.41,8.58,18904856.0,2216207,65536,2.38666314032705,29.54233813750911,8.615895,8.58,-0.03589527130126946,0.007004728698730034
2045,2013-08-05,8.66,9.05,8.66,8.94,48519068.0,5433984,65536,1.3825725550225432,-9.112597511092504,8.924958,8.79,-0.13495822906494226,-0.09100822906494344
2046,2013-08-06,8.96,8.98,8.79,8.89,32552282.0,3666012,65536,0.6719834264570901,33.25628597269377,8.84491,8.67,-0.17490966796875007,-0.13155966796875163
2047,2013-08-07,8.89,8.95,8.67,8.72,39451488.0,4494774,65536,-0.5676566505641634,-0.9467517242590318,8.678204,8.73,0.05179641723632855,0.09544641723632807
2050,2013-08-12,8.98,9.19,8.95,9.14,48597252.0,5347154,65536,2.9212470636611254,51.49100657357413,9.171402,9.02,-0.15140197753906293,-0.10630197753906323
2052,2013-08-14,9.11,9.25,9.06,9.1,38717136.0,4233641,65536,-0.4234719614085281,-3.1271773132196645,8.986116,8.87,-0.1161164093017586,-0.07176640930175893
2064,2013-08-30,9.14,9.2,9.04,9.05,31080088.0,3404701,65536,-0.1897934271085422,32.638215255211755,8.956993,8.88,-0.07699310302734297,-0.03259310302734342
2068,2013-09-05,9.2,9.26,9.11,9.14,25034604.0,2724619,65536,-0.3811630578125724,-20.037125584924464,9.048419,9.08,0.03158100128173835,0.07698100128173735
2070,2013-09-09,9.2,9.34,9.2,9.29,34444864.0,3713291,65536,3.513050411828078,104.37606070871227,9.321096,9.23,-0.09109642028808551,-0.044946420288086486
2080,2013-09-25,9.21,9.24,9.06,9.08,26913900.0,2947854,65536,-0.6080470070256694,-7.495522902294281,9.041705,9.02,-0.021705131530762145,0.02339486846923755
2091,2013-10-17,9.4,9.48,9.34,9.36,26538072.0,2819833,65536,-0.33204342995907243,-19.956611741936946,9.324016,9.260000000000002,-0.0640156173706039,-0.01771561737060523
2095,2013-10-23,9.44,9.5,9.16,9.18,29705276.0,3188160,65536,-1.1202466177955728,0.9286635841014856,9.125765,9.2,0.07423515319824148,0.12023515319824085
2096,2013-10-24,9.2,9.41,9.2,9.27,36384688.0,3901398,65536,-0.7434390880259767,-29.47668289669093,9.1881075,9.09,-0.09810749053955092,-0.05265749053955204
2106,2013-11-07,9.24,9.24,9.01,9.1,39977480.0,4385518,65536,-0.5532021567236199,-14.041054484145713,8.999402,8.91,-0.08940204620361314,-0.04485204620361394
2108,2013-11-11,9.09,9.2,9.02,9.15,17349864.0,1902108,65536,0.3440282501787406,-14.964257792761238,9.081758,9.069999999999999,-0.011757545471192898,0.033592454528806215
2110,2013-11-13,9.18,9.24,9.01,9.09,16530856.0,1811159,65536,-2.2170940170940234,13.591990289166064,8.867447,9.03,0.16255310058593686,0.20770310058593644
2114,2013-11-19,9.56,9.66,9.49,9.51,42248244.0,4423348,65536,-0.6892008728231036,-28.52405296794147,9.29057,9.47,0.17942974090576236,0.22677974090576214
2142,2013-12-27,9.8,9.91,9.73,9.87,30806256.0,3133283,65536,1.6840813479713783,3.673171874171977,9.820561,9.82,-0.000561408996581747,0.04853859100341751
2143,2013-12-30,9.88,9.98,9.82,9.87,39574364.0,3994038,65536,-0.17451855453487486,-9.318088689806435,9.71574,9.81,0.09425979614257862,0.143309796142578
2147,2014-01-06,9.96,9.96,9.69,9.73,28102216.0,2871779,65536,-2.2760806362898345,10.902424942891042,9.578022,9.65,0.07197799682617223,0.12022799682617169
2149,2014-01-08,9.79,9.85,9.5,9.61,28290212.0,2939480,65536,0.17470956210901,17.360485266610688,9.528518,9.25,-0.2785177230834961,-0.2322677230834973
2155,2014-01-16,9.86,10.15,9.86,10.07,33103182.0,3300846,65536,0.13128468858367714,6.814427684756841,9.928214,9.949999999999998,0.02178592681884517,0.07153592681884469
2172,2014-03-03,10.6,10.96,10.56,10.81,58631716.0,5423596,65536,0.5231829717710745,7.048903039240973,10.543258,10.45,-0.0932577133178718,-0.041007713317872785
2173,2014-03-04,10.77,10.77,10.45,10.56,47515076.0,4501936,65536,-0.2784917616658333,-10.969672428146717,10.381924,10.46,0.07807632446289148,0.13037632446289038
2175,2014-03-06,10.47,10.47,10.23,10.45,33751448.0,3257257,65536,0.4459375779813257,12.655302455006563,10.2849865,10.3,0.015013504028321023,0.06651350402832001
2185,2014-03-20,10.71,10.77,10.46,10.53,38158120.0,3608872,65536,-1.5984006563344308,14.041874645522912,10.365997,10.26,-0.10599731445312521,-0.054697314453125756
2188,2014-03-25,10.79,10.79,10.6,10.63,24207240.0,2269785,65536,-0.09694240885805837,-16.857249068981222,10.480582,10.5,0.019417762756347656,0.07191776275634609
2192,2014-03-31,10.41,10.79,10.4,10.65,32939176.0,3107893,65536,-0.26301604119034483,-20.87231367635621,10.515698,10.55,0.03430156707763743,0.08705156707763706
2197,2014-04-08,10.87,11.2,10.83,11.18,110982400.0,10009030,65536,2.37248738257676,102.7684146761449,11.004661,11.04,0.035339393615721804,0.09053939361572105
2206,2014-04-21,10.85,10.95,10.74,10.8,37046180.0,3415051,65536,-1.6736495720348188,10.87569554313561,10.603868,10.64,0.03613246917724666,0.08933246917724524
2207,2014-04-22,10.71,10.93,10.64,10.91,52130688.0,4841303,65536,0.4366213281517872,1.450673332589414,10.763503,10.78,0.016496925354003267,0.070396925354002
2212,2014-04-29,10.48,10.72,10.43,10.68,11231059.0,1059121,65536,1.100718042876481,-20.302914827724685,10.552944,10.64,0.0870558166503912,0.14025581665038978
2217,2014-05-08,11.26,11.4,11.17,11.27,42456264.0,3758048,65536,-0.08515336964048936,8.350578950117548,11.139414,11.11,-0.02941383361816463,0.026136166381833803
2218,2014-05-09,11.26,11.39,11.11,11.38,51386844.0,4550556,65536,-0.07445563099977015,1.7559278805056255,11.154936,11.28,0.12506416320800717,0.1814641632080054
2220,2014-05-13,11.35,11.37,11.13,11.23,50774000.0,4529835,65536,-0.23852663929727624,-22.234902104356213,11.050805,11.1,0.04919490814208949,0.10469490814208804
2221,2014-05-14,11.22,11.23,11.1,11.15,21572982.0,1929601,65536,-0.1140308527024847,-25.262172082124433,11.007547,10.88,-0.12754737854003828,-0.07314737854003894
2231,2014-05-28,11.27,11.43,11.22,11.39,38277172.0,3367822,65536,1.0278119295108024,39.44346756461672,11.284085,11.019999999999998,-0.264085273742678,-0.2089852737426785
2235,2014-06-04,11.09,11.12,10.93,10.99,17621070.0,1600605,65536,-1.0070142144824046,-0.3946959044377918,10.837346,10.94,0.10265392303466747,0.1573539230346661
2239,2014-06-10,10.82,10.83,10.69,10.8,32328820.0,2999948,65536,1.2645950859305977,28.482676376571888,10.709209,10.79,0.08079055786132727,0.13474055786132588
2241,2014-06-12,10.75,10.89,10.7,10.73,30889924.0,2868947,65536,-0.3406193162622695,1.0857251709073037,10.638479,10.65,0.011520767211914418,0.06477076721191288
2263,2014-07-14,11.19,11.6,11.18,11.59,40312576.0,3528936,65536,1.1056745545877429,7.795756573837442,11.366472,11.39,0.023527755737305256,0.08047775573730398
2272,2014-07-25,11.75,11.89,11.66,11.83,33229692.0,2818439,65536,1.0478272336734928,-17.132837535603098,11.71567,11.65,-0.06566963195800746,-0.00741963195800821
2274,2014-07-29,11.82,12.13,11.73,12.1,59857404.0,5008320,65536,0.3214424028572527,-25.35156562792169,11.835744,11.780000000000001,-0.055743904113768394,0.003156095886231114
2279,2014-08-05,11.88,11.98,11.8,11.95,26785938.0,2253577,65536,-0.26393110009176324,-4.157149293647089,11.752606,11.780000000000001,0.027393608093262856,0.08629360809326236
2280,2014-08-06,11.9,11.96,11.78,11.95,43511056.0,3665088,65536,-0.2587207461962171,4.004977964369938,11.775855,11.8,0.024144935607910867,0.08314493560791014
2296,2014-08-28,12.72,12.78,12.6,12.65,22163802.0,1748427,65536,-0.7011514005842767,4.158674876364632,12.515992,12.6,0.08400783538818324,0.14700783538818207
2298,2014-09-01,12.85,13.14,12.8,13.09,20566358.0,1580493,65536,0.7283100043194102,22.321039980384544,12.910873,13.05,0.1391265869140632,0.20437658691406213
2299,2014-09-02,13.12,13.35,13.05,13.32,34673796.0,2618764,65536,1.3221133434098142,48.0023866777495,13.142795,13.07,-0.07279460906982393,-0.007444609069825248
2315,2014-09-25,14.02,14.33,13.79,13.92,69687384.0,4951386,65536,-0.20025718100138426,-2.8390013196366137,13.746375,13.74,-0.006375083923339631,0.062324916076658354
2319,2014-10-08,14.03,14.14,13.91,14.07,46675516.0,3328408,65536,1.1175076193701503,5.31014717951277,13.887612,13.67,-0.21761234283447273,-0.14926234283447393
2336,2014-10-31,13.85,13.95,13.41,13.62,70662472.0,5185456,65536,1.5958330126816025,26.12825602357074,13.423848,13.46,0.03615184783935632,0.10345184783935402
2341,2014-11-07,13.37,13.44,13.08,13.09,42742580.0,3216547,65536,-0.15642021172592724,39.498398130900675,12.943912,13.07,0.12608844757080107,0.19143844757079975
2352,2014-11-24,13.1,13.18,12.89,13.09,42114360.0,3226824,65536,2.546971890410532,85.28978894456219,12.867732,13.07,0.20226795196533232,0.267617951965331
2357,2014-12-01,13.05,13.3,12.97,13.09,47541768.0,3630667,65536,0.3912675073518335,-2.6207367123045944,12.901738,13.0,0.09826183319091797,0.1632618331909157
2360,2014-12-04,13.2,13.4,13.16,13.39,110487736.0,8300366,65536,4.609863355293076,-8.440028485272066,13.350337,12.84,-0.5103370285034181,-0.4461370285034203
2364,2014-12-10,12.57,12.82,12.48,12.8,60434024.0,4766444,65536,3.6898397443118736,-32.843136671662144,12.770946,12.71,-0.060945549011229616,0.002604450988769713
2365,2014-12-11,12.81,13.1,12.71,13.09,75578872.0,5820115,65536,-1.1963185423165879,-13.629286407787955,12.67052,12.98,0.3094801712036137,0.37438017120361167
2367,2014-12-15,13.13,13.43,13.02,13.38,77768712.0,5871241,65536,0.7515900827688604,-3.611007345332773,13.108761,13.14,0.031239166259766193,0.09693916625976406
2372,2014-12-22,12.64,12.64,12.05,12.17,63580980.0,5176271,65536,0.33430185299585524,33.70286353067043,12.0102215,12.09,0.07977851867675767,0.14022851867675712
2373,2014-12-23,12.25,12.32,12.09,12.15,31244366.0,2562017,65536,-2.0492093045179183,-32.75100595319944,11.814668,12.15,0.33533229827880895,0.3960822982788077
2376,2014-12-26,12.38,12.49,12.3,12.45,25991052.0,2095409,65536,3.3105276097163285,24.14935003116709,12.312219,12.12,-0.19221866607666094,-0.13161866607666184
2378,2014-12-30,12.18,12.25,12.1,12.21,20916850.0,1719967,65536,0.06048398766012043,-22.77123291522507,12.00746,11.83,-0.17745964050292962,-0.11830964050293069
2386,2015-01-13,11.96,12.08,11.87,12.06,16426301.0,1368832,65536,0.013092059950259305,-29.79106861150477,11.85739,11.94,0.08260959625244091,0.14230959625244033
2388,2015-01-15,12.02,12.23,11.97,12.17,20970228.0,1727957,65536,2.9037065800218143,21.32508175115965,12.117232,12.13,0.012767677307129688,0.07341767730712867
2392,2015-01-21,12.45,12.64,12.39,12.63,47791196.0,3811729,65536,4.494997379439503,13.458414928830752,12.5747385,12.5,-0.0747385025024414,-0.012238502502443183
2403,2015-02-05,13.58,13.62,13.15,13.22,68448480.0,5098132,65536,-1.023584780864084,30.90690844670761,13.040592,13.0,-0.040592193603515625,0.0244078063964821
2409,2015-02-13,13.15,13.41,13.15,13.35,49263724.0,3697222,65536,0.7830676151001859,28.836361082223267,13.205505,13.27,0.06449462890624957,0.1308446289062477
2410,2015-02-16,13.45,13.45,13.27,13.42,38255060.0,2859546,65536,0.8545087223293281,-17.628242633741287,13.3493595,13.3,-0.04935951232910085,0.01714048767089693
2417,2015-03-04,13.58,13.78,13.52,13.73,44274584.0,3242439,65536,0.6533823655178406,-23.753519680022894,13.5836315,13.56,-0.02363151550292919,0.044168484497069116
2420,2015-03-09,13.7,13.74,13.4,13.73,45565296.0,3356832,65536,1.7027356461943643,28.87996860080925,13.508561,13.62,0.11143886566162031,0.1795388656616197
2422,2015-03-11,13.96,13.97,13.75,13.87,42476244.0,3072842,65536,0.11475284112696382,-2.7384033359706415,13.712699,13.56,-0.15269893646240185,-0.08489893646240354
2429,2015-03-20,14.3,14.57,14.27,14.49,98698144.0,6840020,65536,1.3758744081630692,2.6229049068691834,14.3214035,14.41,0.08859649658203139,0.16064649658203045
2430,2015-03-23,14.51,14.71,14.41,14.57,108757736.0,7468560,65536,2.0420955820961373,-2.6623102815578337,14.438308,14.12,-0.3183077621459969,-0.247707762145998
2435,2015-03-30,15.35,15.59,15.18,15.33,115878928.0,7560025,65536,2.9327492005942086,43.360109336558935,15.142855,15.16,0.01714530944824233,0.09294530944824153
2440,2015-04-07,16.0,16.89,15.83,16.58,163790016.0,10022727,65536,2.146005073683499,29.274131819544266,16.151892,15.92,-0.2318917083740235,-0.15229170837402606
2442,2015-04-09,16.08,16.1,15.1,15.67,139788992.0,8978484,65536,-0.7835560314725987,-4.137295916580373,15.323674,15.52,0.19632579803466754,0.2739257980346661
2454,2015-04-27,16.19,16.37,15.9,16.08,140900960.0,8735370,65536,2.2317251586343008,6.8569011103578825,15.834624,15.44,-0.3946242904663091,-0.3174242904663114
2455,2015-04-28,16.11,16.27,15.44,15.59,147114688.0,9251561,65536,-1.3672130942946614,18.625290392341217,15.259446,15.45,0.19055385589599538,0.267803855895993
2457,2015-04-30,15.94,16.04,15.75,15.8,93541408.0,5883626,65536,-0.5119042881409408,1.1822254096105267,15.441501,15.45,0.00849933624267507,0.08574933624267267
2462,2015-05-08,16.6,17.72,16.5,17.7,299011616.0,17504320,65536,1.9755754358413256,1.5612494771488183,16.921356,17.43,0.5086437988281247,0.5957937988281223
2463,2015-05-11,17.8,18.04,17.43,17.89,291758368.0,16461791,65536,2.8986047736047738,23.6205592427398,17.314806,17.44,0.12519401550293097,0.21239401550293024
2466,2015-05-14,17.15,17.43,17.06,17.31,140489648.0,8164733,65536,-0.3742762438432967,-8.902768659741833,16.849558,16.71,-0.1395578765869132,-0.05600787658691431
2468,2015-05-18,17.06,17.32,16.95,17.02,107731400.0,6290498,65536,-0.9167357882130188,-18.04051598440569,16.672855,17.04,0.3671446228027335,0.45234462280273036
2492,2015-06-19,20.79,21.2,19.18,19.24,206276112.0,10172346,65536,-5.952682763586212,-1.7264386028320255,19.054962,18.23,-0.8249621582031246,-0.7338121582031256
2494,2015-06-24,20.11,20.2,19.43,20.09,165113936.0,8295300,65536,1.9648606691474724,19.05041789054529,19.352036,18.82,-0.5320355224609372,-0.4379355224609398
2497,2015-06-29,17.46,17.53,15.41,15.61,166013808.0,10287383,65536,-3.3356471925814923,17.692712062219094,15.420756,14.07,-1.3507563400268552,-1.2804063400268575
2499,2015-07-01,16.35,16.99,15.18,15.22,198643200.0,12088118,65536,-4.917952157388772,-18.086466688402933,14.677651,13.78,-0.8976514053344733,-0.828751405334474
2501,2015-07-03,13.7,14.25,12.61,13.93,226756320.0,16986453,65536,-5.406037000973708,-6.073865737405528,12.728285,12.54,-0.18828483581543054,-0.125584835815431
2504,2015-07-08,10.5,11.0,10.5,10.5,211750080.0,20056908,65536,-6.745417515274954,-14.412727539040315,9.410954,10.35,0.9390455245971676,0.990795524597166
2513,2015-09-14,14.05,15.21,13.9,13.9,350522016.0,24394704,65536,-1.9735957624156364,89.27864378056472,13.440384,12.52,-0.9203839111328129,-0.8577839111328149
2515,2015-09-16,13.1,14.32,12.21,13.73,259767776.0,19949417,65536,4.98123550629237,11.253025577727024,13.113173,13.22,0.10682746887207095,0.17292746887206967
2524,2015-09-29,13.4,13.5,13.11,13.2,61366992.0,4612997,65536,-1.970549687765022,17.422874817696087,12.785449,12.91,0.12455097198486342,0.1891009719848622
2528,2015-10-12,13.92,15.0,13.88,14.7,187087104.0,12891968,65536,3.220542974503916,78.0426352505981,14.176783,14.42,0.24321739196777337,0.3153173919677723
2532,2015-10-16,15.57,15.86,15.13,15.4,106332776.0,6892820,65536,1.3553936119260923,22.08856375699317,15.143577,14.94,-0.20357662200927784,-0.12887662200927963
2535,2015-10-21,16.24,16.54,15.01,15.48,205400464.0,12955427,65536,-2.919473404701345,57.56228450369096,15.18339,15.55,0.36661033630371165,0.44436033630370986
2542,2015-10-30,16.7,17.56,16.7,17.23,157188592.0,9085248,65536,0.021792596743552828,9.551551373971234,16.842144,16.18,-0.6621440124511722,-0.5812440124511724
2547,2015-11-06,17.1,17.48,16.96,17.24,78234352.0,4534888,65536,2.358356921399807,-24.94519485468845,16.978432,16.87,-0.10843170166015526,-0.024081701660158217
2549,2015-11-10,18.25,18.85,17.85,17.92,148221216.0,8100055,65536,-0.1851393753173558,-19.698506149396977,17.834568,17.72,-0.11456802368164176,-0.025968023681642194
2551,2015-11-12,18.25,18.66,17.51,17.76,115442568.0,6415736,65536,-0.9998304487890076,-6.328371499444685,17.570423,17.04,-0.530423126220704,-0.44522312622070714
2553,2015-11-16,17.11,19.1,17.01,19.02,328937824.0,17832329,65536,0.4775454856069006,-20.54106461730819,18.021326,18.62,0.5986739349365244,0.6917739349365242
2554,2015-11-17,19.0,20.74,18.62,19.69,553799808.0,27850687,65536,-0.15249207652233698,53.7087550770714,19.015839,18.95,-0.06583862304687571,0.02891137695312196
2558,2015-11-23,19.89,19.89,19.05,19.23,143378896.0,7395953,65536,-0.5574425468553801,-6.057648936244697,18.945246,18.8,-0.14524574279785085,-0.05124574279785321
2559,2015-11-24,19.14,19.5,18.8,19.34,94906472.0,4951054,65536,0.014653615180071355,-18.35911534965402,18.82371,19.17,0.34629051208496264,0.4421405120849613
2560,2015-11-25,19.34,19.62,19.17,19.44,113004880.0,5816819,65536,0.7384339977996257,5.971168898399415,19.009007,18.61,-0.3990065002441412,-0.3059565002441431
2564,2015-12-01,18.1,18.5,17.72,17.92,92629504.0,5149397,65536,0.7091164504361425,-21.1688006967944,17.631737,16.64,-0.9917367553710932,-0.9085367553710952
2569,2015-12-08,18.0,18.17,17.7,17.72,75378592.0,4208260,65536,-1.7515409709812135,10.447492012646297,17.423904,17.61,0.18609558105468693,0.274145581054686
2572,2015-12-11,17.9,17.92,17.33,17.61,41284908.0,2343495,65536,-0.41456440376695936,-8.229499285138688,17.192104,17.46,0.2678956604003915,0.3551956604003905
2573,2015-12-14,17.48,18.18,17.46,18.12,43948240.0,2466116,65536,2.8619257994600966,37.568623932596296,17.54741,18.09,0.5425909423828124,0.6330409423828094
2574,2015-12-15,18.12,18.89,18.09,18.67,84514264.0,4525078,65536,-0.4561719280471666,-16.661761738236088,18.132128,18.6,0.4678722381591811,0.5608722381591775
2579,2015-12-22,20.21,21.57,20.21,21.25,189558352.0,9083199,65536,0.2785853966414509,-17.077088342726356,20.652126,20.21,-0.4421263122558585,-0.3410763122558613
2581,2015-12-24,20.05,20.49,19.69,20.29,106081464.0,5299267,65536,-0.9564502195852476,-28.90376515526031,19.8688,20.1,0.23120079040527486,0.33170079040527156
2582,2015-12-25,20.3,20.67,20.1,20.25,114519496.0,5631058,65536,0.22980101321354865,-18.723415160952715,20.041025,19.32,-0.7210251617431638,-0.6244251617431651
2585,2015-12-30,19.73,20.47,19.71,20.21,103938016.0,5145957,65536,0.08798815482724542,3.675103894757203,19.778807,19.31,-0.46880668640136847,-0.37225668640137144
2589,2016-01-06,17.36,17.99,17.1,17.88,128098216.0,7295228,65536,1.7543506631635175,-9.962460194793652,17.220026,16.09,-1.1300260162353517,-1.0495760162353527
2599,2016-01-20,16.7,16.92,16.24,16.68,100811176.0,6073708,65536,-1.5125049253365552,2.347449756193498,16.006453,16.23,0.22354743957519574,0.30469743957519313
2606,2016-01-29,14.01,14.85,14.01,14.71,63395956.0,4347667,65536,3.2353806907378324,14.191807975984876,14.323087,14.6,0.27691326141357386,0.3499132614135725
2607,2016-02-01,14.82,15.1,14.6,14.99,71632016.0,4806559,65536,-1.5288059767352702,-23.39622290809033,14.564505,14.92,0.355495376586914,0.43009537658691244
2608,2016-02-02,14.92,15.49,14.92,15.24,46767216.0,3058137,65536,2.0778683580082946,2.0814722983636624,15.113891,14.85,-0.26389064788818395,-0.1896406478881847
2609,2016-02-03,15.05,15.35,14.85,15.23,32082558.0,2131814,65536,-0.4285236701076944,-12.655434056240946,14.974889,15.1,0.1251111984252926,0.20061119842529074
2612,2016-02-15,15.56,16.29,15.52,16.22,47685424.0,2983420,65536,-0.5762891432928741,-5.115592278483262,15.771676,16.24,0.4683239364624008,0.5495239364623998
2629,2016-03-09,14.3,14.47,13.8,14.02,37392952.0,2635447,65536,-1.1507013292917256,-18.181349942660415,13.692364,14.0,0.3076362609863281,0.37763626098632663
2631,2016-03-11,13.98,14.09,13.81,13.98,35784964.0,2561954,65536,0.17025372118879556,-3.6000445734464592,13.6791525,14.13,0.4508475112915047,0.5214975112915035
2638,2016-03-22,15.43,15.65,15.31,15.48,47369332.0,3057050,65536,-0.7278177162834187,-30.97214944515841,15.200274,15.4,0.19972553253173864,0.2767255325317368
2640,2016-03-24,15.5,15.73,15.36,15.43,56698132.0,3646250,65536,-1.6760967711034085,5.929247561129514,15.19938,15.15,-0.0493799209594723,0.02637007904052524
2646,2016-04-01,15.52,15.52,15.02,15.42,55833020.0,3652568,65536,0.11808246506466168,-2.8217823745236963,15.222627,15.26,0.03737331390380838,0.11367331390380642
2654,2016-04-14,16.33,16.46,16.12,16.35,53249960.0,3273415,65536,0.4430639790518054,-42.152706598007725,16.079025,15.94,-0.139025268554688,-0.05932526855469078
2655,2016-04-15,16.31,16.34,15.94,16.25,108355712.0,6729048,65536,-0.11050634495685108,-11.797555097779922,15.958671,15.82,-0.13867061614990206,-0.059570616149903444
2672,2016-05-11,16.35,16.9,15.91,16.49,74699976.0,4549109,65536,0.4463834792496789,18.80077737183048,16.05507,15.6,-0.45507087707519567,-0.37707087707519804
2675,2016-05-16,16.98,17.43,16.88,17.22,77782664.0,4537739,65536,0.6624519502819615,-5.058137302309418,17.001085,16.56,-0.4410852813720716,-0.3582852813720727
2676,2016-05-17,17.12,17.22,16.56,16.64,74533072.0,4426720,65536,-0.3001314892530971,9.78151270622969,16.548029,16.1,-0.44802894592285014,-0.367528945922853
2679,2016-05-20,16.04,16.31,15.82,16.3,30825670.0,1907975,65536,0.5133061224489754,-7.21876781292673,15.925419,16.31,0.3845811462402331,0.4661311462402331
2688,2016-06-02,17.39,17.48,17.0,17.2,107070632.0,6214519,65536,0.2072424103399584,-23.99064885377782,16.960985,17.140000000000004,0.1790148162841838,0.26471481628418303
2693,2016-06-13,16.9,17.09,16.45,16.47,128062904.0,7655512,65536,-3.0862929402431627,21.86890002231565,16.18085,16.38,0.1991509246826162,0.2810509246826136
2695,2016-06-15,16.4,17.03,16.3,16.9,59892124.0,3562559,65536,1.3130774582409408,31.8557226562674,16.42302,16.6,0.17698059082031392,0.25998059082031233
2696,2016-06-16,16.84,17.11,16.6,16.76,74173488.0,4401014,65536,-0.696322965501528,-5.055943847017852,16.458918,16.74,0.2810823822021469,0.36478238220214365
2705,2016-06-29,17.35,17.75,17.23,17.33,119524120.0,6846624,65536,0.4779364876928982,12.712933602769885,17.048157,17.35,0.3018432617187514,0.38859326171874997
2709,2016-07-05,17.7,17.86,17.41,17.56,69773224.0,3964524,65536,0.08362717259027264,-2.3131211188877616,17.231985,17.35,0.11801490783691548,0.20476490783691403
2711,2016-07-07,17.59,17.75,17.49,17.54,55800388.0,3171916,65536,-0.21294454115892147,-5.045944169656359,17.266018,17.35,0.08398208618164205,0.1707320861816406
2717,2016-07-15,18.11,18.66,18.0,18.44,97254624.0,5297102,65536,-0.014648616316115247,-4.520563520951503,18.147884,17.9,-0.2478843688964858,-0.15838436889648833
2719,2016-07-19,17.92,18.03,17.65,18.0,48931792.0,2744736,65536,-0.4227441891833883,-19.422688728762406,17.647173,17.88,0.2328270721435537,0.3222270721435514
2721,2016-07-21,18.27,18.53,18.2,18.31,62537324.0,3408468,65536,0.4605248933627015,18.29895508681383,18.049063,17.78,-0.2690627288818348,-0.18016272888183593
2723,2016-07-25,17.87,18.18,17.65,17.97,54895432.0,3059068,65536,0.17766560418708274,-18.396028610216767,17.684374,18.0,0.3156261444091797,0.405626144409176
2727,2016-07-29,18.0,18.5,17.71,18.4,109247824.0,6005418,65536,-0.5342828936339306,-21.932199765554103,17.829542,17.48,-0.34954216003417926,-0.26214216003418045
2730,2016-08-03,17.63,18.03,17.61,17.91,74750904.0,4172787,65536,0.13985356140544525,17.20583759019705,17.470732,18.0,0.5292682647705078,0.6192682647705041
2738,2016-08-15,18.51,18.88,18.4,18.7,143100928.0,7640952,65536,3.0110223026321714,89.70817135617236,18.191803,18.63,0.438197021484374,0.5313470214843719
2741,2016-08-18,18.85,19.08,18.7,18.75,62897596.0,3331575,65536,-0.2537762559108314,2.544141030277713,18.52737,18.51,-0.017370452880857812,0.07517954711914143
2748,2016-08-29,19.89,20.13,19.6,19.72,122823240.0,6186066,65536,0.020864264353259717,-5.5124738241210345,19.481728,19.61,0.12827239990234318,0.22632239990234027
2750,2016-08-31,19.58,19.95,19.58,19.76,52565052.0,2658100,65536,0.4770545804788196,5.077276840247723,19.419561,19.61,0.190438613891601,0.2884886138915981
2752,2016-09-02,19.6,19.89,19.3,19.34,75266584.0,3846412,65536,0.3795152623895293,-2.5373591100139485,19.15955,19.36,0.2004502868652338,0.297250286865232
2753,2016-09-05,19.36,19.8,19.36,19.77,59136896.0,3011875,65536,0.16806925539585293,-5.434506602060597,19.327702,19.68,0.3522984313964841,0.45069843139648214
2759,2016-09-13,20.93,21.08,20.21,20.83,117622624.0,5741163,65536,-0.06957641145098893,-45.345301907011226,20.3526,20.5,0.14739990234375,0.24989990234374915
2772,2016-10-11,21.7,21.82,21.39,21.73,157835728.0,7302978,65536,0.3852611062367339,8.934387871920336,21.15437,21.499999999999996,0.3456306457519496,0.4531306457519477
2777,2016-10-18,20.4,20.95,20.38,20.73,115685856.0,5598588,65536,1.3255518810938671,19.447825543841212,20.205082,20.61,0.4049180603027338,0.5079680603027299
2778,2016-10-19,20.79,20.89,20.61,20.7,64744744.0,3119562,65536,-0.15325185994767845,-1.645904382891994,20.247416,20.43,0.18258445739746065,0.28473445739745884
2790,2016-11-04,20.8,21.0,20.6,20.74,63179444.0,3031716,65536,-0.3242122029788241,-17.551286644680694,20.30066,20.45,0.1493408203124993,0.25159082031249724
2801,2016-11-21,21.5,21.76,21.4,21.7,79813440.0,3686874,65536,0.6920344349311991,26.289786294157103,21.280592,21.1,-0.18059196472167827,-0.075091964721679
2813,2016-12-07,21.81,22.15,21.57,22.0,53511652.0,2448076,65536,0.4798866773629396,-1.0248388522752117,21.46178,21.859999999999996,0.39821945190429275,0.5075194519042903
2827,2016-12-27,21.9,22.26,21.82,21.94,50545256.0,2299510,65536,-0.18089333012281106,-15.933832848620078,21.629114,21.3,-0.32911415100097585,-0.22261415100097892
2829,2016-12-29,21.63,21.69,20.88,21.14,73833456.0,3481941,65536,-0.12507987849381674,1.5760566849743365,20.865582,20.84,-0.025581512451172017,0.07861848754882672
2834,2017-01-06,20.59,20.97,20.56,20.57,47830588.0,2305956,65536,-0.5974244237318849,-0.9930712900012352,20.373468,20.58,0.20653160095214673,0.30943160095214495
2838,2017-01-12,19.95,20.16,19.17,19.24,121271440.0,6194064,65536,-0.5062228220123033,-10.796253156780066,19.093506,18.65,-0.4435058593750014,-0.3502558593750038
2846,2017-01-24,19.4,19.44,19.11,19.13,21396932.0,1112823,65536,0.010998549380514257,-12.39224729225418,18.81794,19.05,0.23206024169921946,0.32731024169921596
2850,2017-02-06,19.6,20.32,19.58,20.29,75300784.0,3758865,65536,0.25917746820469656,24.15795281587709,19.679438,19.91,0.23056236267089858,0.3301123626708957
2852,2017-02-08,20.01,20.22,19.8,20.15,28300960.0,1412380,65536,0.5232226474293444,18.27074785761662,19.715002,19.91,0.1949979400634767,0.29454794006347385
2854,2017-02-10,20.0,20.05,19.78,19.94,61093300.0,3070439,65536,0.5064349628565168,26.866137722576045,19.527418,19.75,0.2225818634033203,0.3213318634033193
2860,2017-02-20,19.16,19.42,19.02,19.39,64785104.0,3373310,65536,1.4599116161616132,15.731954918408576,19.043024,19.23,0.18697593688964886,0.2831259368896468
2866,2017-02-28,19.5,19.64,19.31,19.44,41392128.0,2122830,65536,0.19122400775342108,-23.772561581706533,19.168276,19.25,0.08172416687011719,0.1779741668701149
2871,2017-03-07,19.45,19.73,19.41,19.71,79465336.0,4049617,65536,0.2170330308024493,-3.2937678451518067,19.29358,19.48,0.18642089843750043,0.28382089843749725
2874,2017-03-10,19.23,19.33,19.02,19.17,69560616.0,3637199,65536,0.02772152415857488,-17.20954999599682,18.866053,19.07,0.20394737243652372,0.29929737243652
2876,2017-03-14,19.23,19.29,19.12,19.19,24136814.0,1257397,65536,-0.04077383534309975,-15.930959868253748,18.860922,19.01,0.14907814025879063,0.2441281402587876
2885,2017-03-27,18.61,18.88,18.41,18.72,62781800.0,3349285,65536,-0.3312700596056817,-14.82775477321242,18.310472,18.63,0.3195275115966787,0.41267751159667654
2897,2017-04-14,18.25,18.42,18.18,18.23,26870712.0,1471625,65536,-0.7986752291176513,4.225410365679383,17.925402,18.2,0.274598312377929,0.3655983123779265
2901,2017-04-20,17.97,18.2,17.8,18.07,43625692.0,2414919,65536,0.4547459574912649,-5.904490693903174,17.750088,18.07,0.3199122619628909,0.4102622619628882
2908,2017-05-02,20.76,21.26,20.61,20.97,126128640.0,6022114,65536,-0.3828766625481483,-8.692988908620247,20.554415,20.7,0.14558525085449148,0.2490852508544883
2912,2017-05-08,20.44,20.96,20.15,20.63,81553480.0,3932044,65536,-0.7018373712140313,12.606498949322994,20.186954,20.3,0.11304550170898509,0.214545501708983
2914,2017-05-10,20.5,20.97,20.5,20.56,55004680.0,2646390,65536,-0.4423524919985877,19.94350311627981,20.363981,20.0,-0.3639812469482422,-0.2639812469482443
2927,2017-05-31,22.06,22.2,21.65,21.82,30276482.0,1385901,65536,0.35771442034462364,1.5387187704112515,21.600649,21.41,-0.19064888000488267,-0.08359888000488525
2935,2017-06-12,22.84,23.66,22.6,23.3,92361072.0,3985166,65536,-0.04977392014362536,-10.680189051566401,22.835829,23.329999999999995,0.49417121887206505,0.6108212188720614
2938,2017-06-15,23.54,24.28,23.42,23.71,59136460.0,2470848,65536,-0.1841427884479496,-1.4058429689172591,23.332376,22.92,-0.41237648010253736,-0.29777648010254154
2946,2017-06-27,23.8,25.15,23.62,24.91,107101760.0,4377378,65536,0.18074801872363105,-27.539991961407328,24.316618,24.399999999999995,0.08338203430175284,0.20538203430174917
2948,2017-06-29,24.65,24.94,24.18,24.37,71297248.0,2930699,65536,0.6214740398829521,-12.593190308851256,24.171711,24.07,-0.10171096801757784,0.018639031982420562
2952,2017-07-05,24.96,25.1,24.61,24.9,42468972.0,1705263,65536,1.0966911419399985,-7.193527248827148,24.442257,24.239999999999995,-0.2022569274902395,-0.08105692749024129
2956,2017-07-11,23.05,23.65,23.05,23.62,43435800.0,1852987,65536,0.468567393511754,-1.5184136315611885,23.102186,22.929999999999996,-0.17218620300293352,-0.05753620300293605
2960,2017-07-17,23.17,23.17,22.13,22.36,95581144.0,4246780,65536,-1.0674868825764516,69.47664909506564,22.020164,21.799999999999997,-0.2201644897460966,-0.11116448974609838
2966,2017-07-25,23.0,23.16,22.72,22.83,25298988.0,1106127,65536,-0.6387122108631793,-9.784820975763378,22.414618,22.01,-0.4046175384521469,-0.29456753845214934
2968,2017-07-27,22.29,22.85,22.27,22.68,50132028.0,2226580,65536,0.183516444962617,6.365436004096381,22.038567,22.5,0.46143341064453125,0.5739334106445284
2978,2017-08-10,22.8,23.38,22.8,23.0,52295220.0,2258934,65536,-0.4052489386337288,4.3352097183775085,22.683836,22.839999999999996,0.15616401672362912,0.27036401672362587
2992,2017-08-30,21.93,22.14,21.83,22.08,45518656.0,2066810,65536,-0.006258899372535431,10.236361947598118,21.594055,21.799999999999997,0.20594482421874716,0.31494482421874537
2997,2017-09-06,21.61,21.92,21.21,21.47,41371484.0,1929802,65536,-0.1970417806354652,5.149130964795456,21.141054,21.43,0.2889458465576169,0.3960958465576141
3000,2017-09-11,21.56,21.63,21.08,21.22,76226776.0,3576879,65536,-0.008886588830592235,16.831461173031517,20.961323,21.1,0.1386772155761733,0.24417721557617256
3013,2017-09-28,21.3,21.71,21.28,21.35,54013752.0,2512642,65536,0.03506751805715247,9.209250263242508,21.058939,21.369999999999997,0.3110610198974584,0.41791101989745627
3015,2017-10-09,21.96,22.0,21.48,21.85,66859920.0,3073673,65536,1.1914505408575635,45.25947991270189,21.361118,21.71,0.3488816833496102,0.4574316833496077
3021,2017-10-17,21.75,21.75,21.12,21.3,56240760.0,2635820,65536,-0.00971010233935532,-32.23088901471437,21.082186,21.2,0.11781425476074148,0.22381425476073957
3027,2017-10-25,22.39,22.5,21.99,22.3,79471056.0,3591296,65536,0.4432489771177384,-5.2146918796605375,21.945839,21.6,-0.34583892822265483,-0.23783892822265784
3030,2017-10-30,21.83,21.94,21.28,21.63,42831644.0,1982855,65536,-0.304577110222104,24.24730948257057,21.157513,21.2,0.042487335205077414,0.1484873352050755
3036,2017-11-07,20.65,20.65,20.36,20.47,48822720.0,2386756,65536,0.8296670637595094,24.60289879783988,20.110678,20.29,0.1793222808837882,0.2807722808837845
3045,2017-11-20,19.69,19.7,19.21,19.38,71950392.0,3710588,65536,0.5576519407403779,-28.33230472018384,18.991245,19.24,0.2487547302246078,0.34495473022460743
3052,2017-11-29,19.26,19.45,19.03,19.35,34723844.0,1799888,65536,-0.051037767948280965,22.04190368240755,18.887337,19.11,0.22266326904296818,0.31821326904296754
3058,2017-12-07,20.02,20.14,19.96,20.08,14325905.0,714348,65536,-1.114591789472641,-17.414970169382315,19.750263,20.0,0.24973678588867188,0.34973678588866974
3061,2017-12-12,20.32,20.57,20.19,20.36,34737112.0,1701321,65536,-1.3141663595036213,-13.186172910203268,20.083176,19.92,-0.1631756591796858,-0.063575659179687
3062,2017-12-13,20.3,20.44,19.92,20.06,40649892.0,2022400,65536,0.8483523488428846,-8.053936745872758,19.980595,19.67,-0.3105946350097639,-0.21224463500976753
3065,2017-12-18,19.79,19.9,19.61,19.85,26455772.0,1338907,65536,0.11128248669884933,-12.567904755907755,19.592096,19.7,0.10790367126464773,0.20640367126464554
3067,2017-12-20,20.22,20.4,20.05,20.1,25507068.0,1262313,65536,-0.119940624434689,16.86532849617468,19.89374,19.99,0.09626029968261562,0.19621029968261183
3071,2017-12-26,20.62,21.09,20.57,20.67,42354752.0,2039435,65536,0.2988959653993373,-0.8791457722708174,20.415136,20.67,0.25486366271972827,0.3582136627197272
3072,2017-12-27,20.67,21.3,20.67,21.02,71823080.0,3406609,65536,-1.5396115077387584,15.402736362061,20.541885,21.15,0.6081146240234361,0.713864624023433
3080,2018-01-09,21.74,21.86,21.25,21.57,84454864.0,3917102,65536,0.7004538286988993,-20.039015246500945,21.29389,21.0,-0.29388999938964844,-0.18888999938965156
3081,2018-01-10,21.66,21.73,21.0,21.09,79129704.0,3719564,65536,0.4418399255245564,8.693806148287408,20.980396,21.0,0.019603729248046875,0.12460372924804375
3090,2018-01-23,20.8,21.09,20.6,20.87,50020684.0,2394231,65536,1.0609694230502953,15.588577613917346,20.448605,20.75,0.3013954162597656,0.40514541625976364
3098,2018-02-02,19.0,19.49,18.71,19.18,60794852.0,3182557,65536,0.5965755199133227,-23.123909760256645,18.801998,18.3,-0.5019981384277337,-0.4104981384277373
3099,2018-02-05,19.0,19.68,18.3,19.64,92621920.0,4927972,65536,0.06836438215689357,10.461630689081787,18.908253,18.61,-0.2982527160644537,-0.20520271606445561
3101,2018-02-07,19.44,19.76,18.82,19.32,47392696.0,2454220,65536,-2.3714776723412823,-5.4827287365505,18.848627,19.12,0.27137290954589943,0.3669729095458969
3105,2018-02-13,19.19,19.58,18.8,18.9,36486628.0,1905440,65536,1.1704069304131035,-3.1129883891342525,18.627945,18.79,0.16205505371093665,0.2560050537109362
3115,2018-03-06,19.53,20.05,19.53,19.87,51488100.0,2598900,65536,1.2060426569771687,57.76966916296728,19.445526,19.62,0.174473876953126,0.27257387695312474
3116,2018-03-07,19.92,20.04,19.62,19.67,22910770.0,1158300,65536,-0.7355110953729871,-22.924083118628268,19.472412,19.63,0.157587890624999,0.25573789062499586
3130,2018-03-27,19.78,20.3,19.75,20.07,44550280.0,2222613,65536,0.8603336692535102,-1.2492859942451529,19.60699,19.73,0.12300918579101605,0.2216591857910153
3134,2018-04-02,19.62,20.84,19.6,20.68,146456848.0,7157892,65536,-0.29703732204694466,14.080685435791821,20.039364,20.04,0.0006361389160147723,0.10083613891601217
3137,2018-04-09,21.29,21.78,21.03,21.64,108124512.0,5038081,65536,-0.05006666908785595,-5.21257213505657,21.170141,21.2,0.029858779907225852,0.13585877990722395
3138,2018-04-10,21.64,21.88,21.2,21.29,63257696.0,2946546,65536,1.9268452839786845,26.238795287754325,21.05731,20.95,-0.1073101043701179,-0.0025601043701186654
3141,2018-04-13,21.06,21.43,20.88,20.99,58425104.0,2756261,65536,-0.7053741817659498,-13.488942918511349,20.767126,20.93,0.16287391662597628,0.26752391662597574
3151,2018-04-27,20.44,20.75,20.29,20.58,38064304.0,1850900,65536,0.03701248039538197,2.732148579377625,20.218555,20.55,0.3314445495605476,0.4341945495605444
3152,2018-05-02,20.55,21.48,20.55,21.29,79495896.0,3747717,65536,0.18020272140713,-6.959199021808205,20.765648,21.21,0.4443521118164071,0.5504021118164033
3156,2018-05-08,22.5,23.07,22.17,22.61,138497408.0,6113919,65536,1.1603493827901046,7.938210618529085,22.198412,22.33,0.13158805847167798,0.24323805847167534
3158,2018-05-10,22.67,23.28,22.4,22.8,67192000.0,2948258,65536,0.5537733558562019,5.9281474608698925,22.485476,22.23,-0.2554755401611324,-0.14432554016113386
3161,2018-05-15,22.28,23.41,22.28,22.87,103582760.0,4516554,65536,0.3788411706473481,-7.229486767218296,22.439013,22.64,0.20098747253418026,0.31418747253417934
3164,2018-05-18,22.98,23.26,22.71,22.99,55794352.0,2428034,65536,1.0095625056611546,23.01169692633032,22.636631,22.839999999999996,0.20336898803710568,0.31756898803710243
3166,2018-05-22,23.68,24.05,23.51,23.62,48850684.0,2058901,65536,-0.3832971202986757,-18.644899760461094,23.34261,23.499999999999996,0.15739059448241832,0.2748905944824145
3176,2018-06-05,25.54,26.52,25.29,26.5,137097856.0,5266904,65536,0.9911807499776826,2.6923807409971805,25.75391,25.71,-0.04391006469726477,0.08463993530273228
3181,2018-06-12,25.18,26.34,24.7,25.87,89090728.0,3465645,65536,1.2161440007619095,6.544055978944741,25.217909,25.05,-0.16790885925292898,-0.042658859252931336
3191,2018-06-27,24.25,24.88,23.31,23.6,76313264.0,3164021,65536,-2.0347709360512667,-4.110655930264806,23.323334,23.359999999999996,0.03666625976562088,0.15346625976561867
3198,2018-07-06,24.19,24.5,23.46,24.37,52191312.0,2165304,65536,0.6785462117494978,5.5272822598710905,23.658298,23.9,0.24170150756835795,0.36120150756835656
3199,2018-07-09,23.9,25.4,23.9,25.2,90371632.0,3625006,65536,2.795145492582729,-11.029385623026633,24.443836,17.44,-7.003836212158202,-6.916636212158203
3202,2018-07-12,17.81,18.28,17.73,18.0,86343664.0,4785741,65536,2.157868015835507,33.748325084552604,17.73937,17.92,0.18062965393066577,0.270229653930663
3203,2018-07-13,18.0,18.67,17.92,18.23,72171856.0,3958153,65536,0.3340936381447168,-24.283136013526182,18.005907,17.88,-0.1259070587158213,-0.036507058715823604
3209,2018-07-23,17.19,17.39,16.03,17.3,93779568.0,5578238,65536,0.9407682463518752,16.720052601601807,16.202347,16.9,0.6976531982421861,0.7821531982421845
3215,2018-07-31,17.15,17.33,16.8,16.96,41814860.0,2452752,65536,0.07339804499471025,-17.21468010367403,16.54738,16.24,-0.3073804473876969,-0.22618044738769782
3219,2018-08-06,15.48,15.48,14.68,14.98,63089180.0,4182213,65536,-1.2671629545619179,10.139104941161973,14.623033,14.66,0.036967430114746236,0.11026743011474416
3227,2018-08-16,15.09,15.43,14.7,15.28,23067676.0,1520163,65536,-0.4632470428131419,12.282254590841045,14.790545,14.8,0.009454536437988992,0.08345453643798706
3233,2018-08-24,15.49,15.95,15.31,15.8,22319116.0,1418752,65536,0.15963711171282924,4.342107110489346,15.482344,15.71,0.22765632629394617,0.3062063262939443
3234,2018-08-27,15.9,16.53,15.71,16.45,74675376.0,4594848,65536,2.4430658009881867,47.837772908612884,16.032654,16.17,0.1373461914062517,0.2181961914062498
3235,2018-08-28,16.41,16.59,16.17,16.47,42241972.0,2572666,65536,-0.18787225860616985,-19.968921847336464,16.166094,16.21,0.04390617370605554,0.12495617370605316
3240,2018-09-04,16.08,16.23,15.88,16.18,17587904.0,1092134,65536,1.2667754423779654,0.9919515856236628,15.944653,15.9,-0.04465255737304652,0.034847442626951164
3242,2018-09-06,15.78,15.9,15.53,15.75,17376612.0,1105628,65536,-1.0690874250334992,-3.1128168429517933,15.567266,15.66,0.0927335357666017,0.1710335357666004
3250,2018-09-18,14.82,15.2,14.78,15.07,29938856.0,1992743,65536,2.0128427542653204,34.76013291887126,14.874084,14.93,0.055915527343749716,0.13056552734374804
3263,2018-10-15,16.83,16.9,16.34,16.5,32789176.0,1983573,65536,-1.3965238288974555,-29.414653115650182,16.277948,15.370000000000001,-0.9079483795166006,-0.831098379516602
3283,2018-11-12,16.54,17.5,16.54,17.41,96845032.0,5620753,65536,1.1902356477154985,4.484462671026379,16.93387,17.15,0.21612968444824077,0.3018796844482381
3284,2018-11-13,17.29,17.63,17.15,17.52,71226352.0,4075684,65536,1.0058842983457827,43.64073307980021,17.125097,17.37,0.24490272521972756,0.3317527252197259
3296,2018-11-29,18.22,19.19,17.76,17.9,124353840.0,6745922,65536,-1.2985501410851974,7.500486599208058,17.844057,17.450000000000003,-0.39405708312987997,-0.3068070831298826
3300,2018-12-05,19.9,20.14,19.64,19.82,146582752.0,7380492,65536,-0.4807648169513179,-4.1075179727607996,19.584497,19.01,-0.574497451782225,-0.47944745178222803
3301,2018-12-06,19.76,19.94,19.01,19.4,152583424.0,7815599,65536,-2.1626691266912634,0.23074452748130805,19.082537,19.22,0.13746330261230355,0.23356330261229985
3305,2018-12-12,19.45,19.6,19.05,19.19,54514000.0,2833780,65536,0.34147514731852624,0.16165113262982533,18.914982,19.0,0.08501815795898438,0.18001815795898324
3307,2018-12-14,19.2,19.8,18.63,18.65,153048640.0,7915081,65536,-1.670347145222062,-6.7904886356016,18.545332,18.08,-0.4653319549560564,-0.37493195495605747
3313,2018-12-24,18.16,18.65,17.9,18.52,78178856.0,4268356,65536,0.2904865649963506,-25.350400474342127,18.023277,18.01,-0.013277282714842187,0.07677271728515578
3317,2018-12-28,18.8,19.0,18.43,19.0,115133752.0,6121472,65536,0.6734637235789265,-11.780228113891445,18.429518,18.46,0.030482254028321165,0.12278225402831922
3320,2019-01-04,17.75,18.77,17.71,18.47,89594664.0,4882038,65536,2.3957447956719284,45.79257176633846,17.878288,18.51,0.6317117309570328,0.7242617309570321
3321,2019-01-07,18.8,19.22,18.51,19.17,64286660.0,3374592,65536,0.6070747429896661,-2.085399184962855,18.576004,18.94,0.3639959716796888,0.45869597167968834
3324,2019-01-10,18.88,19.14,18.88,18.93,25838444.0,1358535,65536,-0.18807983160520347,-20.577215807668004,18.709328,18.4,-0.30932769775390767,-0.21732769775390892
3330,2019-01-18,19.48,19.82,19.04,19.73,62275400.0,3173526,65536,1.8239260530561685,29.671345526704982,19.295818,19.63,0.33418167114257713,0.432331671142574
3333,2019-01-23,19.64,20.55,19.43,20.06,51146740.0,2542821,65536,-0.07221663718616211,-17.975003551145708,19.753788,19.84,0.08621200561523423,0.1854120056152304
3339,2019-01-31,19.97,20.65,19.9,20.41,57473208.0,2817331,65536,1.0462429934858353,35.298119895711324,20.024946,20.14,0.11505378723144588,0.21575378723144212
3340,2019-02-01,20.37,20.57,20.14,20.22,56601656.0,2787235,65536,1.4295843054943802,-4.9023813802453695,20.0596,20.15,0.09039916992187358,0.19114916992187148
3341,2019-02-11,20.2,21.03,20.15,20.9,79063392.0,3805471,65536,1.81899365646363,20.481427125485716,20.450567,20.76,0.3094327545166031,0.41323275451659924
3344,2019-02-14,20.8,20.84,20.38,20.59,67607864.0,3283759,65536,0.1504255187619652,-7.752652941616954,20.323586,20.38,0.056414489746092755,0.15831448974608975
3348,2019-02-20,21.09,21.25,20.7,20.96,75575432.0,3607753,65536,0.35818014251614017,-17.697567649689784,20.67507,20.82,0.14493019104003935,0.24903019104003832
3350,2019-02-22,21.16,21.65,21.08,21.46,53585744.0,2515812,65536,2.2485193350587185,3.9383576918966767,21.052343,20.75,-0.30234336853027344,-0.19859336853027543
3371,2019-03-25,24.6,25.35,24.21,24.52,86557800.0,3480213,65536,-2.3728415671135705,15.890414230132999,24.162394,23.919999999999998,-0.2423935699462909,-0.12279356994629254
3372,2019-03-26,24.65,24.98,23.92,24.14,74388528.0,3050856,65536,-1.1325654651693997,-12.860779555474846,23.828087,23.919999999999998,0.0919131469726544,0.21151314697265278
3377,2019-04-02,26.7,27.65,26.42,26.55,145806224.0,5411049,65536,-0.06643297692712212,-16.72264382773635,26.61256,25.859999999999996,-0.752560272216801,-0.6232602722168039
3378,2019-04-03,26.36,26.76,25.86,26.19,111772584.0,4273688,65536,1.2809439753833196,2.618149589429164,26.107748,25.889999999999997,-0.21774803161621392,-0.08829803161621541
3381,2019-04-09,25.64,25.81,25.11,25.59,112217280.0,4427718,65536,0.448581914261692,-31.60635724468038,25.295107,25.209999999999997,-0.08510688781738551,0.040943112182610264
3382,2019-04-10,25.48,26.19,25.21,25.6,113715656.0,4399269,65536,0.2556785418961871,6.411789278702318,25.321533,25.11,-0.21153320312500057,-0.08598320312500363
3391,2019-04-23,26.0,27.39,25.9,26.54,336119936.0,12639901,65536,-0.16395030815204992,-17.819607951244908,25.94539,26.35,0.4046092987060561,0.5363592987060528
3392,2019-04-24,26.54,27.97,26.35,27.1,197307792.0,7227345,65536,0.2756897843001038,-6.4988418283592475,26.461422,26.35,-0.11142196655273295,0.02032803344726375
3398,2019-05-07,26.98,28.86,26.98,28.49,162559680.0,5784450,65536,0.9783912588001042,-32.726127934872586,27.366255,26.06,-1.306254806518556,-1.1759548065185577
3402,2019-05-13,26.67,27.15,26.64,27.0,105876584.0,3937517,65536,-1.6544920854052458,-30.142450959399728,26.598848,26.7,0.10115165710449148,0.23465165710448943
3415,2019-05-30,27.29,28.71,27.25,28.55,104212008.0,3694260,65536,-0.6203755004899114,0.9074136343054652,27.77378,27.95,0.17621917724609304,0.31596917724608886
3418,2019-06-04,28.15,28.45,26.95,27.06,117620792.0,4300959,65536,-0.9234556072257648,-13.528252384406445,26.925232,26.399999999999995,-0.525231933593755,-0.3932319335937571
3444,2019-07-11,22.45,22.8,22.4,22.71,78765600.0,3479305,65536,-0.04014006770995948,3.402282957392333,22.092522,22.25,0.15747833251953125,0.26872833251952954
3449,2019-07-18,21.97,22.29,21.85,21.9,83551144.0,3788930,65536,-0.9525211320913328,-8.076409152662768,21.58013,21.6,0.019870376586915484,0.12787037658691247
3461,2019-08-05,22.61,22.65,22.02,22.04,40471760.0,1818284,65536,-1.914640394509315,-6.470538569501116,21.650572,21.4,-0.2505718231201186,-0.1435718231201193
3475,2019-08-23,21.98,22.64,21.83,22.55,235232416.0,10521843,65536,0.7209681798650891,2.5018602040243643,21.944983,22.039999999999996,0.09501747131347216,0.20521747131347112
3478,2019-08-28,22.7,23.05,22.52,22.79,88236584.0,3882331,65536,-0.3764786020251765,-28.84650015932626,22.259144,22.34,0.08085617065429673,0.19255617065429576
3479,2019-08-29,22.8,22.95,22.34,22.49,94977584.0,4210093,65536,-0.3258314092011161,-5.259022306184646,22.038637,22.25,0.2113628387451172,0.3226128387451155
3484,2019-09-05,21.01,21.9,20.94,21.06,416814464.0,19542699,65536,1.0118373648996482,43.45590923504928,20.415277,20.55,0.13472251892089915,0.23747251892089594
3486,2019-09-09,20.8,21.3,20.66,21.23,254790976.0,12102126,65536,0.6189676612190276,20.45199545502789,20.500599,21.040000000000003,0.5394010925292996,0.644601092529296
3488,2019-09-11,21.6,21.98,21.31,21.37,127792120.0,5941308,65536,-0.7367519770058673,0.5389963400088016,20.909494,21.19,0.2805055999755872,0.38645559997558365
3505,2019-10-14,25.6,25.69,24.91,25.26,94678328.0,3754982,65536,1.0611673096047047,31.024766611459608,24.851574,24.649999999999995,-0.20157394409180185,-0.0783239440918031
3508,2019-10-17,26.34,26.88,25.76,26.34,199038256.0,7585016,65536,0.06449655720945913,-22.066594563405108,25.963428,26.129999999999995,0.16657150268554233,0.29722150268553804
3510,2019-10-21,26.74,26.76,25.26,25.8,190367584.0,7387120,65536,0.2961714796685833,-9.885944242268751,25.472183,25.29,-0.18218322753906335,-0.055733227539064956
3519,2019-11-01,25.36,25.6,24.97,25.44,93330248.0,3684864,65536,1.6888145622949713,16.116182085682308,24.803541,25.49,0.6864588165283187,0.8139088165283148
3520,2019-11-04,25.5,26.68,25.49,26.59,207497856.0,7907199,65536,0.6509985097624461,3.480242827830149,25.686016,26.08,0.3939839172363264,0.5243839172363245
3522,2019-11-06,26.45,26.52,25.4,25.61,159047824.0,6173383,65536,-0.4479353254338792,-13.81513442163924,25.30962,25.309999999999995,0.0003800964355420433,0.1269300964355402
3529,2019-11-15,26.25,26.35,25.38,25.54,118961288.0,4618312,65536,-0.7365855407003852,-3.766909019384168,25.230238,25.3,0.06976203918457102,0.19626203918456753
3540,2019-12-02,22.28,22.65,21.3,22.12,224478096.0,10263403,65536,0.193017418581376,4.407406413849757,21.452375,21.449999999999996,-0.0023754119873089508,0.10487458801268801
3543,2019-12-05,22.95,24.15,22.72,23.95,187127824.0,7891029,65536,0.7673086014410968,11.756287712927847,22.952885,23.229999999999997,0.27711532592773125,0.3932653259277288
3549,2019-12-13,26.19,26.29,25.25,25.86,109831200.0,4252882,65536,1.984055594676959,75.39166337006056,25.037836,25.039999999999996,0.002163925170894032,0.12736392517089
3558,2019-12-26,27.22,28.08,26.87,27.85,141449600.0,5121133,65536,0.8800086196744106,14.663906434970956,27.128819,27.41,0.2811814880371095,0.4182314880371081
3560,2019-12-30,27.62,28.25,27.3,28.23,133359096.0,4769135,65536,1.4818387729579332,3.34273966138372,27.396528,27.479999999999997,0.08347175598144219,0.22087175598143816
3570,2020-01-14,29.95,30.52,29.48,30.05,94971488.0,3150836,65536,-0.33539565983742303,8.044649974966568,29.550108,30.1,0.5498920440673842,0.7003920440673816
3573,2020-01-17,31.76,32.15,31.18,31.31,98557000.0,3125483,65536,0.1400323930355052,-1.5378440833384688,30.972168,31.319999999999997,0.34783203124999673,0.5044320312499941
3580,2020-02-05,30.89,31.9,29.92,30.57,210966928.0,6870304,65536,1.1329656280047784,-18.233626506291717,30.056198,30.61,0.5538018798828119,0.7068518798828087
3581,2020-02-06,30.61,33.16,30.61,32.82,230518864.0,7111799,65536,1.8610276006717936,0.8784944385817672,31.745705,32.21,0.4642953491210946,0.6253453491210905
3584,2020-02-11,33.14,36.4,32.79,35.34,288775008.0,8234874,65536,0.9307943544577312,-3.3457290000983733,34.441986,34.6,0.15801391601562642,0.33101391601562113
3589,2020-02-18,35.82,36.28,35.27,35.92,118425472.0,3306828,65536,-0.4882989733704157,-10.692011836438363,35.36276,34.12,-1.242758636474612,-1.0721586364746187
3592,2020-02-21,35.33,37.83,34.66,36.25,246352160.0,6846397,65536,0.11653549386438924,2.3469436065588045,35.703796,35.46,-0.24379638671874915,-0.0664963867187538
3614,2020-03-24,31.13,31.85,30.55,31.6,130828152.0,4186001,65536,2.685316586928632,4.371879439677073,30.577375,31.8,1.222624588012696,1.3816245880126914
3625,2020-04-09,34.0,35.56,33.91,35.48,241994944.0,6920784,65536,0.3298645095414665,-9.789504151975237,34.542793,34.35,-0.19279327392577983,-0.02104327392578398
3627,2020-04-13,34.5,35.84,34.3,35.33,113507304.0,3224800,65536,-0.4223730360449651,-22.833347695517574,34.686344,34.8,0.11365585327148153,0.287655853271481
3628,2020-04-14,35.31,35.85,34.8,35.64,95656680.0,2701741,65536,1.930055471776515,39.95307573520326,34.652245,34.52,-0.13224456787109062,0.04035543212890502
3634,2020-04-22,34.71,36.13,33.93,36.11,161610784.0,4573805,65536,0.8227307939759232,-16.53916803391714,35.00603,35.8,0.793968963623044,0.972968963623039
3635,2020-04-23,36.09,36.68,35.8,36.18,147464736.0,4075876,65536,-0.2508217472612761,11.186316599135003,35.649315,35.8,0.1506851196289034,0.32968511962889835
3637,2020-04-27,36.15,36.87,36.01,36.3,132105056.0,3633037,65536,0.6794891716289664,0.6522279949097598,35.69727,36.89999999999999,1.2027305603027258,1.3872305603027186
3639,2020-04-29,39.17,39.42,38.5,38.7,215277328.0,5524708,65536,0.4645181403686527,-21.490817412717448,38.105915,37.07,-1.0359150695800778,-0.8505650695800853
3647,2020-05-14,44.83,45.29,43.85,44.5,357522720.0,7995794,65536,-1.0843570843570904,0.3847742667651088,43.65916,41.8,-1.8591606140136747,-1.6501606140136786
3651,2020-05-20,44.4,45.11,43.5,43.88,301803520.0,6827102,65536,-0.5315639810426598,7.207188243452856,43.480526,43.03,-0.45052597045898324,-0.23537597045898906
3652,2020-05-21,43.92,44.4,43.03,43.4,258317840.0,5935832,65536,-0.5443151844115368,-5.883569142727307,43.044346,42.36,-0.6843458557128912,-0.47254585571289454
3654,2020-05-25,43.32,44.35,42.2,44.0,321061568.0,7414585,65536,0.13755014304168695,-23.54944884016345,42.889038,43.12,0.23096191406249744,0.44656191406249235
3665,2020-06-09,43.1,44.45,43.1,44.07,186154976.0,4223418,65536,0.6235781150934372,-16.40108802548802,43.26089,43.51,0.24910903930663864,0.4666590393066343
3675,2020-06-23,48.4,51.7,48.36,51.02,614729856.0,12194756,65536,0.4812228032325283,-17.06991357507388,49.553192,50.22,0.6668078613281239,0.9179078613281177
3687,2020-07-13,63.6,69.0,63.0,63.04,2477630208.0,38191855,65536,2.1003002232213186,1.4815586592963337,60.644382,58.33,-2.3143824768066423,-2.0227324768066453
3697,2020-07-27,60.77,64.37,60.73,64.11,1917332352.0,30627202,65536,0.5073697340414851,-29.71837054250949,60.493835,62.35,1.8561645507812514,2.167914550781248
3711,2020-08-14,56.5,57.39,55.5,56.82,923932224.0,16377965,65536,1.4867194022059271,-3.4461932674547326,55.636593,56.8,1.1634071350097628,1.4474071350097546
3714,2020-08-19,56.02,56.02,51.45,51.5,2261592832.0,42375581,65536,-1.4976853198580442,1.7463765198845849,51.85892,49.72,-2.1389210510253918,-1.8903210510253956
3721,2020-08-28,50.74,51.72,50.01,51.5,806016384.0,15780812,65536,2.3866338360087447,33.90116668073724,49.874058,50.56,0.6859422302246116,0.9387422302246051
3722,2020-08-31,51.89,52.09,50.56,50.6,840664832.0,16446541,65536,-0.5790346120261747,27.081134028020678,49.64836,49.8,0.15163879394530966,0.4006387939453049
3723,2020-09-01,50.06,50.45,49.8,50.15,536084288.0,10714552,65536,0.5377661319457827,-31.679206293735,49.10079,48.72,-0.38078811645507926,-0.13718811645508566
3732,2020-09-14,47.08,47.3,44.82,45.22,729997056.0,16020326,65536,0.5136927093238429,-6.9965961860437575,44.72512,44.7,-0.025120544433590908,0.19837945556640335
3734,2020-09-16,46.27,46.83,44.95,45.1,677128192.0,14891544,65536,-0.6637545643790711,6.709173271988655,44.71649,42.88,-1.8364916992187474,-1.6220916992187497
3739,2020-09-23,46.34,50.11,45.75,49.48,1819453056.0,37508047,65536,0.3574386939789731,-19.92632386666304,47.153233,48.24,1.0867674255371114,1.3279674255371035
3744,2020-09-30,45.55,46.1,44.71,45.12,576153536.0,12723064,65536,-0.09582298880614903,3.5901889644258,44.370495,45.8,1.4295051574707003,1.6585051574706924
3748,2020-10-14,49.38,50.66,48.58,49.01,1441609600.0,29030815,65536,-0.6633327822780477,-3.9560246048927485,48.048756,48.31,0.26124435424804915,0.5027943542480457
3751,2020-10-19,50.0,50.19,47.7,48.24,1069200576.0,22005830,65536,-0.7552674636035928,10.735672957960851,47.05397,46.31,-0.7439703369140602,-0.5124203369140616
3752,2020-10-20,48.0,48.95,46.31,48.65,935327808.0,19602368,65536,0.7986558693215742,-24.1385558236336,46.899876,49.18,2.280124359130859,2.526024359130851
3753,2020-10-21,49.18,53.52,49.18,52.76,3898878208.0,73939389,65536,-0.013351496932290095,5.8721624504595376,50.606014,50.18,-0.42601425170898466,-0.1751142517089903
3766,2020-11-09,41.21,43.16,41.04,42.87,1109500160.0,26115131,65536,1.957336892003636,28.308528677679657,41.253677,43.03,1.7763226318359386,1.9914726318359328
3767,2020-11-10,45.0,46.69,43.03,44.11,1650287232.0,36954204,65536,-0.5514569343651909,-10.584162740430793,43.335323,42.25,-1.0853233337402344,-0.8740733337402418
3770,2020-11-13,44.3,45.98,44.22,45.56,863081024.0,19002594,65536,-1.0514499456041104,13.189273378598454,43.942665,44.13,0.1873348999023463,0.4079848999023383
3775,2020-11-20,43.17,43.86,42.87,42.93,423636640.0,9788187,65536,0.31047140923581296,-3.202418365256532,42.369396,42.89,0.5206037902832037,0.735053790283196
3780,2020-11-27,41.58,42.13,41.31,41.79,266796784.0,6394003,65536,1.2435995682567036,18.768327402700677,40.956127,42.3,1.3438728332519503,1.555372833251944
3783,2020-12-02,45.56,45.56,44.36,44.59,934099136.0,20877293,65536,0.0007894061692104161,-4.229110831486482,43.792053,45.1,1.3079467773437514,1.5334467773437481
3788,2020-12-09,47.1,47.52,45.8,46.5,885776768.0,19055737,65536,-1.3409502822422923,12.873605312826085,45.321136,45.9,0.5788635253906236,0.8083635253906181
3791,2020-12-14,49.4,49.4,45.0,47.9,1385114368.0,28991094,65536,0.92460983755418,-24.194717748713444,45.829124,47.46,1.630875549316407,1.8681755493164047
3793,2020-12-16,49.15,49.9,48.07,49.2,1072730560.0,21926799,65536,0.17734727305815934,-9.771343350117958,47.916016,48.6,0.6839843750000014,0.9269843749999964
3796,2020-12-21,48.5,48.85,47.64,48.35,1045103424.0,21681272,65536,0.9374056244337404,9.966577174794855,47.109016,48.07,0.960983581542969,1.2013335815429613
3800,2020-12-25,49.64,50.3,48.86,49.77,973201088.0,19606600,0,0.8397966408134394,5.758074423293191,48.3219,49.41,1.0881005859374966,1.335150585937491
3801,2020-12-28,50.16,52.45,49.41,52.0,2050051200.0,39802700,0,0.4442672664274783,13.145876487008245,49.81248,50.06,0.2475190734863304,0.49781907348632615
3803,2020-12-30,50.1,50.69,49.31,50.06,999112512.0,20020836,0,1.403348046972619,5.260521519672755,48.513073,49.78,1.2669270324707043,1.5158270324706962
